,1,2,3,4,5,6,7,8,9,10,11,12,13,14,15,16,17,18,19,20,21,22,23,24,25,26,27,28,29,30,31,32,33,34,35,36,37,38,39,40,41,42,43,44,45,46,47,48,49,50,51,52,53,54,55
1,1.0,0.013,0.008,0.007,0.008,0.008,0.006,0.005,0.003,0.002,0.002,0.043,0.011,0.011,0.005,0.005,0.003,0.005,0.002,0.001,0.002,0.001,0.014,0.003,0.0,0.0,0.0,0.0,0.0,0.019,0.004,0.001,0.0,0.0,0.0,0.0,0.005,0.005,0.001,0.0,0.0,0.0,0.0,0.004,0.002,0.0,0.0,0.0,0.0,0.0,0.0,0.0,0.0,0.0,0.0
2,0.013,1.0,0.013,0.011,0.015,0.015,0.01,0.009,0.005,0.004,0.003,0.011,0.047,0.018,0.009,0.008,0.006,0.009,0.004,0.003,0.004,0.002,0.034,0.012,0.002,0.0,0.0,0.0,0.0,0.039,0.017,0.003,0.0,0.0,0.0,0.0,0.013,0.015,0.006,0.001,0.0,0.0,0.0,0.013,0.008,0.001,0.0,0.0,0.0,0.0,0.0,0.0,0.0,0.0,0.0
3,0.008,0.013,1.0,0.012,0.014,0.013,0.009,0.007,0.004,0.003,0.002,0.007,0.011,0.051,0.009,0.008,0.007,0.008,0.004,0.002,0.002,0.001,0.101,0.059,0.018,0.002,0.0,0.0,0.0,0.111,0.07,0.026,0.004,0.0,0.0,0.0,0.025,0.044,0.031,0.009,0.001,0.0,0.0,0.03,0.033,0.016,0.002,0.0,0.0,0.0,0.0,0.0,0.0,0.0,0.0
4,0.007,0.011,0.012,1.0,0.017,0.017,0.013,0.009,0.005,0.003,0.002,0.006,0.01,0.013,0.039,0.012,0.01,0.01,0.005,0.003,0.003,0.001,0.091,0.105,0.063,0.015,0.001,0.0,0.0,0.076,0.112,0.076,0.023,0.003,0.0,0.0,0.01,0.038,0.051,0.032,0.006,0.0,0.0,0.018,0.041,0.041,0.013,0.001,0.0,0.0,0.0,0.0,0.0,0.0,0.0
5,0.008,0.015,0.014,0.017,1.0,0.028,0.022,0.017,0.01,0.006,0.003,0.008,0.013,0.017,0.014,0.034,0.016,0.017,0.011,0.007,0.005,0.002,0.032,0.106,0.119,0.062,0.01,0.001,0.0,0.019,0.099,0.121,0.077,0.018,0.001,0.0,0.001,0.015,0.043,0.058,0.029,0.004,0.0,0.005,0.026,0.052,0.044,0.009,0.0,0.0,0.0,0.0,0.0,0.0,0.0
6,0.008,0.015,0.013,0.017,0.028,1.0,0.031,0.026,0.016,0.009,0.004,0.008,0.014,0.018,0.014,0.018,0.033,0.026,0.018,0.011,0.008,0.003,0.003,0.06,0.116,0.135,0.055,0.006,0.0,0.001,0.046,0.106,0.138,0.075,0.012,0.0,0.0,0.002,0.018,0.049,0.063,0.022,0.0,0.001,0.007,0.032,0.066,0.04,0.004,0.0,0.0,0.0,0.0,0.0,0.0
7,0.006,0.01,0.009,0.013,0.022,0.031,1.0,0.033,0.024,0.013,0.006,0.005,0.009,0.012,0.01,0.014,0.019,0.04,0.024,0.016,0.011,0.005,0.0,0.017,0.066,0.132,0.145,0.042,0.0,0.0,0.01,0.057,0.117,0.151,0.063,0.001,0.0,0.0,0.003,0.018,0.056,0.063,0.001,0.0,0.001,0.009,0.039,0.074,0.029,0.0,0.0,0.0,0.0,0.0,0.0
8,0.005,0.009,0.007,0.009,0.017,0.026,0.033,1.0,0.039,0.026,0.013,0.004,0.007,0.01,0.007,0.01,0.015,0.026,0.05,0.026,0.02,0.009,0.0,0.002,0.026,0.07,0.154,0.153,0.003,0.0,0.001,0.02,0.058,0.135,0.175,0.007,0.0,0.0,0.0,0.003,0.02,0.083,0.011,0.0,0.0,0.001,0.01,0.048,0.079,0.0,0.0,0.0,0.0,0.0,0.0
9,0.003,0.005,0.004,0.005,0.01,0.016,0.024,0.039,1.0,0.046,0.028,0.003,0.005,0.006,0.004,0.005,0.009,0.017,0.026,0.046,0.032,0.018,0.0,0.0,0.007,0.024,0.076,0.232,0.032,0.0,0.0,0.004,0.019,0.059,0.219,0.058,0.0,0.0,0.0,0.0,0.003,0.047,0.051,0.0,0.0,0.0,0.001,0.01,0.078,0.013,0.0,0.0,0.0,0.0,0.0
10,0.002,0.004,0.003,0.003,0.006,0.009,0.013,0.026,0.046,1.0,0.052,0.002,0.003,0.004,0.002,0.003,0.004,0.008,0.016,0.026,0.048,0.032,0.0,0.0,0.001,0.008,0.022,0.162,0.166,0.0,0.0,0.0,0.006,0.017,0.136,0.195,0.0,0.0,0.0,0.0,0.0,0.012,0.072,0.0,0.0,0.0,0.0,0.001,0.03,0.056,0.0,0.0,0.0,0.0,0.0
11,0.002,0.003,0.002,0.002,0.003,0.004,0.006,0.013,0.028,0.052,1.0,0.001,0.003,0.003,0.001,0.002,0.002,0.004,0.006,0.013,0.028,0.04,0.0,0.0,0.0,0.002,0.007,0.06,0.266,0.0,0.0,0.0,0.001,0.005,0.046,0.245,0.0,0.0,0.0,0.0,0.0,0.002,0.037,0.0,0.0,0.0,0.0,0.0,0.006,0.058,0.0,0.0,0.0,0.0,0.0
12,0.043,0.011,0.007,0.006,0.008,0.008,0.005,0.004,0.003,0.002,0.001,1.0,0.009,0.009,0.005,0.003,0.003,0.004,0.002,0.001,0.002,0.001,0.009,0.002,0.0,0.0,0.0,0.0,0.0,0.01,0.004,0.0,0.0,0.0,0.0,0.0,0.004,0.005,0.002,0.0,0.0,0.0,0.0,0.008,0.002,0.0,0.0,0.0,0.0,0.0,0.004,0.001,0.0,0.0,0.0
13,0.011,0.047,0.011,0.01,0.013,0.014,0.009,0.007,0.005,0.003,0.003,0.009,1.0,0.016,0.008,0.006,0.004,0.008,0.003,0.002,0.003,0.001,0.021,0.007,0.001,0.0,0.0,0.0,0.0,0.017,0.012,0.003,0.0,0.0,0.0,0.0,0.009,0.012,0.007,0.002,0.0,0.0,0.0,0.021,0.008,0.001,0.0,0.0,0.0,0.0,0.009,0.003,0.0,0.0,0.0
14,0.011,0.018,0.051,0.013,0.017,0.018,0.012,0.01,0.006,0.004,0.003,0.009,0.016,1.0,0.011,0.009,0.007,0.01,0.005,0.004,0.004,0.002,0.064,0.037,0.011,0.001,0.0,0.0,0.0,0.047,0.045,0.02,0.004,0.0,0.0,0.0,0.022,0.032,0.028,0.013,0.003,0.0,0.0,0.054,0.037,0.013,0.002,0.001,0.0,0.0,0.022,0.017,0.005,0.0,0.0
15,0.005,0.009,0.009,0.039,0.014,0.014,0.01,0.007,0.004,0.002,0.001,0.005,0.008,0.011,1.0,0.009,0.008,0.008,0.004,0.002,0.003,0.001,0.055,0.065,0.037,0.008,0.001,0.0,0.0,0.02,0.059,0.049,0.018,0.003,0.0,0.0,0.011,0.027,0.037,0.032,0.012,0.002,0.0,0.042,0.056,0.037,0.009,0.002,0.001,0.0,0.018,0.024,0.016,0.003,0.0
16,0.005,0.008,0.008,0.012,0.034,0.018,0.014,0.01,0.005,0.003,0.002,0.003,0.006,0.009,0.009,1.0,0.012,0.011,0.007,0.004,0.002,0.002,0.018,0.065,0.069,0.034,0.005,0.0,0.0,0.002,0.041,0.065,0.052,0.016,0.002,0.0,0.002,0.015,0.03,0.043,0.035,0.009,0.0,0.017,0.046,0.059,0.029,0.006,0.002,0.0,0.008,0.022,0.027,0.012,0.001
17,0.003,0.006,0.007,0.01,0.016,0.033,0.019,0.015,0.009,0.004,0.002,0.003,0.004,0.007,0.008,0.012,1.0,0.015,0.01,0.006,0.004,0.001,0.001,0.036,0.068,0.076,0.029,0.003,0.0,0.0,0.014,0.051,0.074,0.052,0.011,0.0,0.0,0.005,0.016,0.033,0.049,0.035,0.001,0.004,0.022,0.05,0.059,0.02,0.005,0.0,0.002,0.012,0.025,0.026,0.009
18,0.005,0.009,0.008,0.01,0.017,0.026,0.04,0.026,0.017,0.008,0.004,0.004,0.008,0.01,0.008,0.011,0.015,1.0,0.017,0.01,0.007,0.003,0.0,0.01,0.039,0.074,0.076,0.02,0.0,0.0,0.002,0.024,0.055,0.083,0.05,0.001,0.0,0.001,0.006,0.016,0.036,0.066,0.005,0.0,0.006,0.023,0.056,0.052,0.014,0.001,0.0,0.004,0.014,0.028,0.024
19,0.002,0.004,0.004,0.005,0.011,0.018,0.024,0.05,0.026,0.016,0.006,0.002,0.003,0.005,0.004,0.007,0.01,0.017,1.0,0.015,0.011,0.005,0.0,0.001,0.015,0.039,0.083,0.073,0.001,0.0,0.0,0.007,0.025,0.061,0.106,0.008,0.0,0.0,0.002,0.006,0.017,0.066,0.033,0.0,0.001,0.007,0.024,0.059,0.044,0.003,0.0,0.001,0.005,0.015,0.028
20,0.001,0.003,0.002,0.003,0.007,0.011,0.016,0.026,0.046,0.026,0.013,0.001,0.002,0.004,0.002,0.004,0.006,0.01,0.015,1.0,0.017,0.008,0.0,0.0,0.004,0.013,0.04,0.114,0.011,0.0,0.0,0.001,0.008,0.025,0.109,0.053,0.0,0.0,0.0,0.002,0.006,0.036,0.077,0.0,0.0,0.001,0.006,0.024,0.065,0.011,0.0,0.0,0.001,0.005,0.015
21,0.002,0.004,0.002,0.003,0.005,0.008,0.011,0.02,0.032,0.048,0.028,0.002,0.003,0.004,0.003,0.002,0.004,0.007,0.011,0.017,1.0,0.014,0.0,0.0,0.001,0.004,0.012,0.081,0.07,0.0,0.0,0.0,0.002,0.007,0.058,0.127,0.0,0.0,0.0,0.0,0.002,0.014,0.074,0.0,0.0,0.0,0.001,0.007,0.039,0.027,0.0,0.0,0.0,0.001,0.005
22,0.001,0.002,0.001,0.001,0.002,0.003,0.005,0.009,0.018,0.032,0.04,0.001,0.001,0.002,0.001,0.002,0.001,0.003,0.005,0.008,0.014,1.0,0.0,0.0,0.0,0.001,0.004,0.03,0.108,0.0,0.0,0.0,0.0,0.003,0.019,0.12,0.0,0.0,0.0,0.0,0.0,0.004,0.037,0.0,0.0,0.0,0.0,0.001,0.013,0.048,0.0,0.0,0.0,0.0,0.001
23,0.014,0.034,0.101,0.091,0.032,0.003,0.0,0.0,0.0,0.0,0.0,0.009,0.021,0.064,0.055,0.018,0.001,0.0,0.0,0.0,0.0,0.0,1.0,0.002,0.001,0.002,0.001,0.0,0.001,0.01,0.004,0.004,0.004,0.002,0.003,0.001,0.002,0.0,0.0,0.0,0.0,0.0,0.0,0.005,0.0,0.0,0.0,0.0,0.0,0.0,0.004,0.0,0.0,0.0,0.0
24,0.003,0.012,0.059,0.105,0.106,0.06,0.017,0.002,0.0,0.0,0.0,0.002,0.007,0.037,0.065,0.065,0.036,0.01,0.001,0.0,0.0,0.0,0.002,1.0,0.003,0.003,0.003,0.001,0.001,0.006,0.016,0.006,0.008,0.004,0.005,0.002,0.0,0.006,0.0,0.0,0.0,0.0,0.0,0.0,0.007,0.0,0.0,0.0,0.0,0.0,0.0,0.004,0.0,0.0,0.0
25,0.0,0.002,0.018,0.063,0.119,0.116,0.066,0.026,0.007,0.001,0.0,0.0,0.001,0.011,0.037,0.069,0.068,0.039,0.015,0.004,0.001,0.0,0.001,0.003,1.0,0.002,0.001,0.0,0.001,0.003,0.005,0.01,0.005,0.002,0.003,0.001,0.0,0.0,0.006,0.0,0.0,0.0,0.0,0.0,0.0,0.005,0.0,0.0,0.0,0.0,0.0,0.0,0.002,0.0,0.0
26,0.0,0.0,0.002,0.015,0.062,0.135,0.132,0.07,0.024,0.008,0.002,0.0,0.0,0.001,0.008,0.034,0.076,0.074,0.039,0.013,0.004,0.001,0.002,0.003,0.002,1.0,0.002,0.0,0.001,0.004,0.005,0.004,0.009,0.003,0.003,0.001,0.0,0.0,0.0,0.004,0.0,0.0,0.0,0.0,0.0,0.0,0.003,0.0,0.0,0.0,0.0,0.0,0.0,0.001,0.0
27,0.0,0.0,0.0,0.001,0.01,0.055,0.145,0.154,0.076,0.022,0.007,0.0,0.0,0.0,0.001,0.005,0.029,0.076,0.083,0.04,0.012,0.004,0.001,0.003,0.001,0.002,1.0,0.0,0.001,0.003,0.005,0.004,0.005,0.009,0.003,0.001,0.0,0.0,0.0,0.0,0.007,0.0,0.0,0.0,0.0,0.0,0.0,0.005,0.0,0.0,0.0,0.0,0.0,0.0,0.001
28,0.0,0.0,0.0,0.0,0.001,0.006,0.042,0.153,0.232,0.162,0.06,0.0,0.0,0.0,0.0,0.0,0.003,0.02,0.073,0.114,0.081,0.03,0.0,0.001,0.0,0.0,0.0,1.0,0.0,0.001,0.001,0.001,0.001,0.001,0.014,0.0,0.0,0.0,0.0,0.0,0.0,0.015,0.0,0.0,0.0,0.0,0.0,0.0,0.007,0.0,0.0,0.0,0.0,0.0,0.0
29,0.0,0.0,0.0,0.0,0.0,0.0,0.0,0.003,0.032,0.166,0.266,0.0,0.0,0.0,0.0,0.0,0.0,0.0,0.001,0.011,0.07,0.108,0.001,0.001,0.001,0.001,0.001,0.0,1.0,0.001,0.002,0.001,0.002,0.001,0.001,0.005,0.0,0.0,0.0,0.0,0.0,0.0,0.004,0.0,0.0,0.0,0.0,0.0,0.0,0.001,0.0,0.0,0.0,0.0,0.0
30,0.019,0.039,0.111,0.076,0.019,0.001,0.0,0.0,0.0,0.0,0.0,0.01,0.017,0.047,0.02,0.002,0.0,0.0,0.0,0.0,0.0,0.0,0.01,0.006,0.003,0.004,0.003,0.001,0.001,1.0,0.011,0.009,0.011,0.005,0.007,0.003,0.002,0.0,0.0,0.0,0.0,0.0,0.0,0.005,0.0,0.0,0.0,0.0,0.0,0.0,0.003,0.0,0.0,0.0,0.0
31,0.004,0.017,0.07,0.112,0.099,0.046,0.01,0.001,0.0,0.0,0.0,0.004,0.012,0.045,0.059,0.041,0.014,0.002,0.0,0.0,0.0,0.0,0.004,0.016,0.005,0.005,0.005,0.001,0.002,0.011,1.0,0.012,0.015,0.007,0.009,0.004,0.0,0.006,0.0,0.0,0.0,0.0,0.0,0.0,0.007,0.0,0.0,0.0,0.0,0.0,0.0,0.004,0.0,0.0,0.0
32,0.001,0.003,0.026,0.076,0.121,0.106,0.057,0.02,0.004,0.0,0.0,0.0,0.003,0.02,0.049,0.065,0.051,0.024,0.007,0.001,0.0,0.0,0.004,0.006,0.01,0.004,0.004,0.001,0.001,0.009,0.012,1.0,0.012,0.006,0.008,0.003,0.0,0.0,0.006,0.0,0.0,0.0,0.0,0.0,0.0,0.006,0.0,0.0,0.0,0.0,0.0,0.0,0.002,0.0,0.0
33,0.0,0.0,0.004,0.023,0.077,0.138,0.117,0.058,0.019,0.006,0.001,0.0,0.0,0.004,0.018,0.052,0.074,0.055,0.025,0.008,0.002,0.0,0.004,0.008,0.005,0.009,0.005,0.001,0.002,0.011,0.015,0.012,1.0,0.007,0.009,0.004,0.0,0.0,0.0,0.004,0.0,0.0,0.0,0.0,0.0,0.0,0.003,0.0,0.0,0.0,0.0,0.0,0.0,0.001,0.0
34,0.0,0.0,0.0,0.003,0.018,0.075,0.151,0.135,0.059,0.017,0.005,0.0,0.0,0.0,0.003,0.016,0.052,0.083,0.061,0.025,0.007,0.003,0.002,0.004,0.002,0.003,0.009,0.001,0.001,0.005,0.007,0.006,0.007,1.0,0.005,0.002,0.0,0.0,0.0,0.0,0.008,0.0,0.0,0.0,0.0,0.0,0.0,0.005,0.0,0.0,0.0,0.0,0.0,0.0,0.001
35,0.0,0.0,0.0,0.0,0.001,0.012,0.063,0.175,0.219,0.136,0.046,0.0,0.0,0.0,0.0,0.002,0.011,0.05,0.106,0.109,0.058,0.019,0.003,0.005,0.003,0.003,0.003,0.014,0.001,0.007,0.009,0.008,0.009,0.005,1.0,0.002,0.0,0.0,0.0,0.0,0.0,0.019,0.0,0.0,0.0,0.0,0.0,0.0,0.009,0.0,0.0,0.0,0.0,0.0,0.0
36,0.0,0.0,0.0,0.0,0.0,0.0,0.001,0.007,0.058,0.195,0.245,0.0,0.0,0.0,0.0,0.0,0.0,0.001,0.008,0.053,0.127,0.12,0.001,0.002,0.001,0.001,0.001,0.0,0.005,0.003,0.004,0.003,0.004,0.002,0.002,1.0,0.0,0.0,0.0,0.0,0.0,0.0,0.006,0.0,0.0,0.0,0.0,0.0,0.0,0.002,0.0,0.0,0.0,0.0,0.0
37,0.005,0.013,0.025,0.01,0.001,0.0,0.0,0.0,0.0,0.0,0.0,0.004,0.009,0.022,0.011,0.002,0.0,0.0,0.0,0.0,0.0,0.0,0.002,0.0,0.0,0.0,0.0,0.0,0.0,0.002,0.0,0.0,0.0,0.0,0.0,0.0,1.0,0.005,0.006,0.01,0.009,0.007,0.011,0.009,0.008,0.006,0.009,0.009,0.009,0.004,0.008,0.007,0.008,0.009,0.006
38,0.005,0.015,0.044,0.038,0.015,0.002,0.0,0.0,0.0,0.0,0.0,0.005,0.012,0.032,0.027,0.015,0.005,0.001,0.0,0.0,0.0,0.0,0.0,0.006,0.0,0.0,0.0,0.0,0.0,0.0,0.006,0.0,0.0,0.0,0.0,0.0,0.005,1.0,0.009,0.015,0.014,0.01,0.017,0.011,0.017,0.009,0.013,0.013,0.014,0.005,0.01,0.014,0.012,0.014,0.01
39,0.001,0.006,0.031,0.051,0.043,0.018,0.003,0.0,0.0,0.0,0.0,0.002,0.007,0.028,0.037,0.03,0.016,0.006,0.002,0.0,0.0,0.0,0.0,0.0,0.006,0.0,0.0,0.0,0.0,0.0,0.0,0.006,0.0,0.0,0.0,0.0,0.006,0.009,1.0,0.019,0.017,0.012,0.021,0.013,0.014,0.016,0.016,0.016,0.016,0.007,0.012,0.013,0.017,0.017,0.012
40,0.0,0.001,0.009,0.032,0.058,0.049,0.018,0.003,0.0,0.0,0.0,0.0,0.002,0.013,0.032,0.043,0.033,0.016,0.006,0.002,0.0,0.0,0.0,0.0,0.0,0.004,0.0,0.0,0.0,0.0,0.0,0.0,0.004,0.0,0.0,0.0,0.01,0.015,0.019,1.0,0.03,0.022,0.037,0.024,0.025,0.018,0.032,0.029,0.029,0.012,0.021,0.024,0.026,0.031,0.021
41,0.0,0.0,0.001,0.006,0.029,0.063,0.056,0.02,0.003,0.0,0.0,0.0,0.0,0.003,0.012,0.035,0.049,0.036,0.017,0.006,0.002,0.0,0.0,0.0,0.0,0.0,0.007,0.0,0.0,0.0,0.0,0.0,0.0,0.008,0.0,0.0,0.009,0.014,0.017,0.03,1.0,0.02,0.033,0.021,0.023,0.016,0.026,0.032,0.026,0.011,0.019,0.021,0.023,0.027,0.019
42,0.0,0.0,0.0,0.0,0.004,0.022,0.063,0.083,0.047,0.012,0.002,0.0,0.0,0.0,0.002,0.009,0.035,0.066,0.066,0.036,0.014,0.004,0.0,0.0,0.0,0.0,0.0,0.015,0.0,0.0,0.0,0.0,0.0,0.0,0.019,0.0,0.007,0.01,0.012,0.022,0.02,1.0,0.024,0.016,0.017,0.012,0.019,0.019,0.03,0.008,0.014,0.016,0.017,0.019,0.014
43,0.0,0.0,0.0,0.0,0.0,0.0,0.001,0.011,0.051,0.072,0.037,0.0,0.0,0.0,0.0,0.0,0.001,0.005,0.033,0.077,0.074,0.037,0.0,0.0,0.0,0.0,0.0,0.0,0.004,0.0,0.0,0.0,0.0,0.0,0.0,0.006,0.011,0.017,0.021,0.037,0.033,0.024,1.0,0.026,0.028,0.02,0.032,0.032,0.032,0.015,0.023,0.026,0.029,0.033,0.023
44,0.004,0.013,0.03,0.018,0.005,0.001,0.0,0.0,0.0,0.0,0.0,0.008,0.021,0.054,0.042,0.017,0.004,0.0,0.0,0.0,0.0,0.0,0.005,0.0,0.0,0.0,0.0,0.0,0.0,0.005,0.0,0.0,0.0,0.0,0.0,0.0,0.009,0.011,0.013,0.024,0.021,0.016,0.026,1.0,0.018,0.013,0.021,0.021,0.021,0.008,0.018,0.017,0.018,0.021,0.015
45,0.002,0.008,0.033,0.041,0.026,0.007,0.001,0.0,0.0,0.0,0.0,0.002,0.008,0.037,0.056,0.046,0.022,0.006,0.001,0.0,0.0,0.0,0.0,0.007,0.0,0.0,0.0,0.0,0.0,0.0,0.007,0.0,0.0,0.0,0.0,0.0,0.008,0.017,0.014,0.025,0.023,0.017,0.028,0.018,1.0,0.014,0.022,0.022,0.022,0.009,0.016,0.022,0.02,0.023,0.016
46,0.0,0.001,0.016,0.041,0.052,0.032,0.009,0.001,0.0,0.0,0.0,0.0,0.001,0.013,0.037,0.059,0.05,0.023,0.007,0.001,0.0,0.0,0.0,0.0,0.005,0.0,0.0,0.0,0.0,0.0,0.0,0.006,0.0,0.0,0.0,0.0,0.006,0.009,0.016,0.018,0.016,0.012,0.02,0.013,0.014,1.0,0.016,0.016,0.016,0.006,0.012,0.013,0.016,0.016,0.011
47,0.0,0.0,0.002,0.013,0.044,0.066,0.039,0.01,0.001,0.0,0.0,0.0,0.0,0.002,0.009,0.029,0.059,0.056,0.024,0.006,0.001,0.0,0.0,0.0,0.0,0.003,0.0,0.0,0.0,0.0,0.0,0.0,0.003,0.0,0.0,0.0,0.009,0.013,0.016,0.032,0.026,0.019,0.032,0.021,0.022,0.016,1.0,0.025,0.025,0.01,0.018,0.021,0.022,0.027,0.018
48,0.0,0.0,0.0,0.001,0.009,0.04,0.074,0.048,0.01,0.001,0.0,0.0,0.0,0.001,0.002,0.006,0.02,0.052,0.059,0.024,0.007,0.001,0.0,0.0,0.0,0.0,0.005,0.0,0.0,0.0,0.0,0.0,0.0,0.005,0.0,0.0,0.009,0.013,0.016,0.029,0.032,0.019,0.032,0.021,0.022,0.016,0.025,1.0,0.025,0.01,0.018,0.021,0.022,0.026,0.018
49,0.0,0.0,0.0,0.0,0.0,0.004,0.029,0.079,0.078,0.03,0.006,0.0,0.0,0.0,0.001,0.002,0.005,0.014,0.044,0.065,0.039,0.013,0.0,0.0,0.0,0.0,0.0,0.007,0.0,0.0,0.0,0.0,0.0,0.0,0.009,0.0,0.009,0.014,0.016,0.029,0.026,0.03,0.032,0.021,0.022,0.016,0.025,0.025,1.0,0.01,0.018,0.021,0.023,0.026,0.018
50,0.0,0.0,0.0,0.0,0.0,0.0,0.0,0.0,0.013,0.056,0.058,0.0,0.0,0.0,0.0,0.0,0.0,0.001,0.003,0.011,0.027,0.048,0.0,0.0,0.0,0.0,0.0,0.0,0.001,0.0,0.0,0.0,0.0,0.0,0.0,0.002,0.004,0.005,0.007,0.012,0.011,0.008,0.015,0.008,0.009,0.006,0.01,0.01,0.01,1.0,0.007,0.008,0.009,0.01,0.007
51,0.0,0.0,0.0,0.0,0.0,0.0,0.0,0.0,0.0,0.0,0.0,0.004,0.009,0.022,0.018,0.008,0.002,0.0,0.0,0.0,0.0,0.0,0.004,0.0,0.0,0.0,0.0,0.0,0.0,0.003,0.0,0.0,0.0,0.0,0.0,0.0,0.008,0.01,0.012,0.021,0.019,0.014,0.023,0.018,0.016,0.012,0.018,0.018,0.018,0.007,1.0,0.015,0.016,0.019,0.013
52,0.0,0.0,0.0,0.0,0.0,0.0,0.0,0.0,0.0,0.0,0.0,0.001,0.003,0.017,0.024,0.022,0.012,0.004,0.001,0.0,0.0,0.0,0.0,0.004,0.0,0.0,0.0,0.0,0.0,0.0,0.004,0.0,0.0,0.0,0.0,0.0,0.007,0.014,0.013,0.024,0.021,0.016,0.026,0.017,0.022,0.013,0.021,0.021,0.021,0.008,0.015,1.0,0.018,0.021,0.015
53,0.0,0.0,0.0,0.0,0.0,0.0,0.0,0.0,0.0,0.0,0.0,0.0,0.0,0.005,0.016,0.027,0.025,0.014,0.005,0.001,0.0,0.0,0.0,0.0,0.002,0.0,0.0,0.0,0.0,0.0,0.0,0.002,0.0,0.0,0.0,0.0,0.008,0.012,0.017,0.026,0.023,0.017,0.029,0.018,0.02,0.016,0.022,0.022,0.023,0.009,0.016,0.018,1.0,0.023,0.016
54,0.0,0.0,0.0,0.0,0.0,0.0,0.0,0.0,0.0,0.0,0.0,0.0,0.0,0.0,0.003,0.012,0.026,0.028,0.015,0.005,0.001,0.0,0.0,0.0,0.0,0.001,0.0,0.0,0.0,0.0,0.0,0.0,0.001,0.0,0.0,0.0,0.009,0.014,0.017,0.031,0.027,0.019,0.033,0.021,0.023,0.016,0.027,0.026,0.026,0.01,0.019,0.021,0.023,1.0,0.019
55,0.0,0.0,0.0,0.0,0.0,0.0,0.0,0.0,0.0,0.0,0.0,0.0,0.0,0.0,0.0,0.001,0.009,0.024,0.028,0.015,0.005,0.001,0.0,0.0,0.0,0.0,0.001,0.0,0.0,0.0,0.0,0.0,0.0,0.001,0.0,0.0,0.006,0.01,0.012,0.021,0.019,0.014,0.023,0.015,0.016,0.011,0.018,0.018,0.018,0.007,0.013,0.015,0.016,0.019,1.0
