Statistical covariance matrix for measured double-differential dijet cross-sections for the range 1.5 <= y* < 2.0 and jet radius parameter R = 0.6
ABS(YRAP(JET1)) : < 3.0
ABS(YRAP(JET2)) : < 3.0
PT(JET1) IN GEV : > 100
PT(JET2) IN GEV : > 50
R : 0.6
RE : P P --> JET JET X
SQRT(S) : 7000.0 GeV
YRAP* : 1.5 - 2.0
x : M(2JET) IN TEV
y : M(2JET) IN TEV
z : cov(x,y) IN PB**+2*TEV**-2
xlow-xhigh
0.76-0.85 9.78e+05 1.32e+05 -3.15e+04 -6.69e+03 -9.21e+02 -2.15e+02 3.18e+02 2.27e+02 -1.09e+02 -5.28e-02 -1.67e+01 -8.17e+00 1.07e+00 -1.00e+00 8.04e-01 2.90e-01 3.71e-02 
0.85-0.95 1.32e+05 3.40e+05 3.44e+04 -9.35e+03 -1.14e+03 7.72e+01 -3.52e+01 2.67e+01 4.78e+00 -3.24e+00 -3.02e+00 -3.99e-01 1.81e-01 -4.08e-01 1.13e-01 -7.60e-02 -4.31e-03 
0.95-1.06 -3.15e+04 3.44e+04 7.98e+04 9.07e+03 -2.08e+03 -3.66e+02 -1.12e+02 -1.89e+01 -4.63e+00 1.73e+00 -4.13e-01 1.53e+00 3.21e-01 -1.82e-01 1.26e-01 1.67e-02 -1.11e-02 
1.06-1.18 -6.69e+03 -9.35e+03 9.07e+03 2.50e+04 2.35e+03 -7.56e+02 -1.73e+02 -4.65e+00 5.30e+00 1.07e+00 1.34e+00 1.64e+00 5.46e-01 8.85e-02 -1.08e-01 -1.15e-03 -1.65e-03 
1.18-1.31 -9.21e+02 -1.14e+03 -2.08e+03 2.35e+03 5.31e+03 5.20e+02 -1.70e+02 -1.80e+01 3.13e+00 9.38e-02 7.77e-01 3.52e-01 -1.40e-01 -3.23e-02 3.63e-02 1.70e-02 4.87e-03 
1.31-1.45 -2.15e+02 7.72e+01 -3.66e+02 -7.56e+02 5.20e+02 1.74e+03 1.52e+02 -4.43e+01 -4.40e+00 1.07e-01 2.04e-01 -2.22e-01 -7.03e-02 -4.00e-02 2.35e-02 -4.34e-03 -9.14e-04 
1.45-1.60 3.18e+02 -3.52e+01 -1.12e+02 -1.73e+02 -1.70e+02 1.52e+02 4.71e+02 3.98e+01 -1.08e+01 -1.68e+00 -3.83e-01 6.73e-02 -4.61e-02 -2.86e-02 -6.79e-03 -7.64e-03 7.42e-04 
1.60-1.76 2.27e+02 2.67e+01 -1.89e+01 -4.65e+00 -1.80e+01 -4.43e+01 3.98e+01 1.19e+02 7.39e+00 -2.16e+00 -2.77e-01 6.88e-02 1.04e-02 -1.47e-02 1.15e-03 -1.38e-03 2.92e-04 
1.76-1.94 -1.09e+02 4.78e+00 -4.63e+00 5.30e+00 3.13e+00 -4.40e+00 -1.08e+01 7.39e+00 2.94e+01 1.53e+00 -6.67e-01 -4.61e-02 -6.35e-03 -4.51e-03 3.04e-03 -1.55e-03 -2.34e-04 
1.94-2.12 -5.28e-02 -3.24e+00 1.73e+00 1.07e+00 9.38e-02 1.07e-01 -1.68e+00 -2.16e+00 1.53e+00 3.51e+00 2.35e-01 -5.03e-02 -6.18e-03 1.48e-03 5.55e-04 3.17e-04 4.39e-05 
2.12-2.33 -1.67e+01 -3.02e+00 -4.13e-01 1.34e+00 7.77e-01 2.04e-01 -3.83e-01 -2.77e-01 -6.67e-01 2.35e-01 1.11e+00 6.38e-02 -1.85e-02 -5.77e-04 4.40e-04 -2.09e-05 6.27e-05 
2.33-2.55 -8.17e+00 -3.99e-01 1.53e+00 1.64e+00 3.52e-01 -2.22e-01 6.73e-02 6.88e-02 -4.61e-02 -5.03e-02 6.38e-02 2.67e-01 1.08e-02 -3.45e-03 2.72e-05 9.59e-05 4.34e-06 
2.55-2.78 1.07e+00 1.81e-01 3.21e-01 5.46e-01 -1.40e-01 -7.03e-02 -4.61e-02 1.04e-02 -6.35e-03 -6.18e-03 -1.85e-02 1.08e-02 3.84e-02 1.44e-03 -7.88e-04 -4.05e-05 -6.43e-06 
2.78-3.04 -1.00e+00 -4.08e-01 -1.82e-01 8.85e-02 -3.23e-02 -4.00e-02 -2.86e-02 -1.47e-02 -4.51e-03 1.48e-03 -5.77e-04 -3.45e-03 1.44e-03 7.74e-03 2.65e-04 -1.46e-04 -1.91e-06 
3.04-3.31 8.04e-01 1.13e-01 1.26e-01 -1.08e-01 3.63e-02 2.35e-02 -6.79e-03 1.15e-03 3.04e-03 5.55e-04 4.40e-04 2.72e-05 -7.88e-04 2.65e-04 2.50e-03 8.85e-05 -1.01e-05 
3.31-3.61 2.90e-01 -7.60e-02 1.67e-02 -1.15e-03 1.70e-02 -4.34e-03 -7.64e-03 -1.38e-03 -1.55e-03 3.17e-04 -2.09e-05 9.59e-05 -4.05e-05 -1.46e-04 8.85e-05 5.75e-04 3.56e-06 
3.61-4.64 3.71e-02 -4.31e-03 -1.11e-02 -1.65e-03 4.87e-03 -9.14e-04 7.42e-04 2.92e-04 -2.34e-04 4.39e-05 6.27e-05 4.34e-06 -6.43e-06 -1.91e-06 -1.01e-05 3.56e-06 1.18e-05 
