Statistical covariance matrix for measured double-differential dijet cross-sections for the range 1.0 <= y* < 1.5 and jet radius parameter R = 0.4
ABS(YRAP(JET1)) : < 3.0
ABS(YRAP(JET2)) : < 3.0
PT(JET1) IN GEV : > 100
PT(JET2) IN GEV : > 50
R : 0.4
RE : P P --> JET JET X
SQRT(S) : 7000.0 GeV
YRAP* : 1.0 - 1.5
x : M(2JET) IN TEV
y : M(2JET) IN TEV
z : cov(x,y) IN PB**+2*TEV**-2
xlow-xhigh
0.51-0.59 2.18e+06 3.05e+04 -3.89e+04 -4.49e+03 -1.92e+03 3.17e+02 1.30e+02 -5.11e+01 -7.26e+01 1.98e+00 3.93e+00 -6.18e+00 4.13e-01 7.42e-01 -1.41e+00 -3.99e-01 -5.88e-02 3.31e-01 -1.70e-02 
0.59-0.67 3.05e+04 4.78e+05 6.76e+03 -1.08e+04 -1.06e+03 -1.80e+02 7.10e+01 8.65e+01 2.83e+01 -5.85e+00 7.56e+00 -8.63e-01 -1.52e+00 -1.77e+00 -3.12e-02 -4.46e-02 9.62e-02 -2.06e-01 -3.40e-02 
0.67-0.76 -3.89e+04 6.76e+03 9.76e+04 7.89e+02 -2.10e+03 -2.23e+02 1.19e+01 -3.63e+01 -1.38e-01 1.86e+00 5.29e+00 -6.53e-01 -1.61e+00 2.21e-01 4.46e-02 -1.10e-01 -1.16e-01 -7.48e-02 3.87e-03 
0.76-0.85 -4.49e+03 -1.08e+04 7.89e+02 2.46e+04 2.48e+02 -6.22e+02 -6.48e+01 -5.69e+00 -2.01e+00 -1.43e+00 3.20e-01 -6.86e-01 7.25e-02 3.74e-01 -1.30e-02 -8.07e-02 -2.16e-02 -6.00e-04 -3.40e-03 
0.85-0.95 -1.92e+03 -1.06e+03 -2.10e+03 2.48e+02 5.79e+03 1.22e+01 -1.40e+02 -9.67e+00 1.57e-01 -1.01e+00 -7.58e-01 2.58e-01 8.87e-02 -1.37e-01 3.47e-02 1.00e-02 2.96e-02 4.49e-03 -7.42e-05 
0.95-1.06 3.17e+02 -1.80e+02 -2.23e+02 -6.22e+02 1.22e+01 1.30e+03 6.20e+00 -2.92e+01 -2.82e+00 7.20e-03 1.12e-03 -4.47e-02 -3.55e-03 -2.32e-02 3.07e-02 -1.15e-02 -4.72e-03 2.44e-03 -1.86e-03 
1.06-1.18 1.30e+02 7.10e+01 1.19e+01 -6.48e+01 -1.40e+02 6.20e+00 2.20e+02 4.01e-01 -4.46e+00 -1.70e-01 2.92e-02 -2.54e-02 1.17e-03 -3.13e-03 -4.55e-03 -7.33e-04 -3.00e-03 -1.95e-03 1.50e-04 
1.18-1.31 -5.11e+01 8.65e+01 -3.63e+01 -5.69e+00 -9.67e+00 -2.92e+01 4.01e-01 4.71e+01 8.17e-01 -9.88e-01 -4.14e-02 -1.45e-02 4.59e-02 4.89e-04 2.73e-03 1.26e-03 3.23e-03 -2.78e-04 -3.94e-07 
1.31-1.45 -7.26e+01 2.83e+01 -1.38e-01 -2.01e+00 1.57e-01 -2.82e+00 -4.46e+00 8.17e-01 8.80e+00 2.83e-02 -1.75e-01 -1.49e-02 -1.15e-02 4.37e-03 -8.87e-04 -3.00e-03 -6.18e-04 4.99e-04 -1.30e-04 
1.45-1.60 1.98e+00 -5.85e+00 1.86e+00 -1.43e+00 -1.01e+00 7.20e-03 -1.70e-01 -9.88e-01 2.83e-02 2.12e+00 2.09e-02 -4.70e-02 -6.63e-03 1.35e-03 7.06e-04 8.69e-04 -2.87e-04 -9.22e-05 2.01e-05 
1.60-1.76 3.93e+00 7.56e+00 5.29e+00 3.20e-01 -7.58e-01 1.12e-03 2.92e-02 -4.14e-02 -1.75e-01 2.09e-02 6.17e-01 9.42e-03 -1.61e-02 -2.35e-03 9.95e-05 -8.86e-05 4.20e-05 -2.90e-05 -1.89e-05 
1.76-1.94 -6.18e+00 -8.63e-01 -6.53e-01 -6.86e-01 2.58e-01 -4.47e-02 -2.54e-02 -1.45e-02 -1.49e-02 -4.70e-02 9.42e-03 1.59e-01 5.94e-03 -5.13e-03 -2.02e-04 -1.78e-04 -1.86e-04 9.47e-06 9.78e-06 
1.94-2.12 4.13e-01 -1.52e+00 -1.61e+00 7.25e-02 8.87e-02 -3.55e-03 1.17e-03 4.59e-02 -1.15e-02 -6.63e-03 -1.61e-02 5.94e-03 5.21e-02 2.65e-03 -1.49e-03 -1.43e-04 -5.52e-06 5.10e-05 5.04e-06 
2.12-2.33 7.42e-01 -1.77e+00 2.21e-01 3.74e-01 -1.37e-01 -2.32e-02 -3.13e-03 4.89e-04 4.37e-03 1.35e-03 -2.35e-03 -5.13e-03 2.65e-03 2.05e-02 9.94e-04 -5.71e-04 -2.31e-05 3.67e-06 6.16e-06 
2.33-2.55 -1.41e+00 -3.12e-02 4.46e-02 -1.30e-02 3.47e-02 3.07e-02 -4.55e-03 2.73e-03 -8.87e-04 7.06e-04 9.95e-05 -2.02e-04 -1.49e-03 9.94e-04 7.87e-03 5.49e-04 -1.36e-04 -1.94e-05 -1.21e-06 
2.55-2.78 -3.99e-01 -4.46e-02 -1.10e-01 -8.07e-02 1.00e-02 -1.15e-02 -7.33e-04 1.26e-03 -3.00e-03 8.69e-04 -8.86e-05 -1.78e-04 -1.43e-04 -5.71e-04 5.49e-04 2.80e-03 1.91e-04 -7.50e-05 -2.00e-06 
2.78-3.04 -5.88e-02 9.62e-02 -1.16e-01 -2.16e-02 2.96e-02 -4.72e-03 -3.00e-03 3.23e-03 -6.18e-04 -2.87e-04 4.20e-05 -1.86e-04 -5.52e-06 -2.31e-05 -1.36e-04 1.91e-04 8.09e-04 6.30e-05 -4.89e-06 
3.04-3.31 3.31e-01 -2.06e-01 -7.48e-02 -6.00e-04 4.49e-03 2.44e-03 -1.95e-03 -2.78e-04 4.99e-04 -9.22e-05 -2.90e-05 9.47e-06 5.10e-05 3.67e-06 -1.94e-05 -7.50e-05 6.30e-05 3.25e-04 1.27e-06 
3.31-4.64 -1.70e-02 -3.40e-02 3.87e-03 -3.40e-03 -7.42e-05 -1.86e-03 1.50e-04 -3.94e-07 -1.30e-04 2.01e-05 -1.89e-05 9.78e-06 5.04e-06 6.16e-06 -1.21e-06 -2.00e-06 -4.89e-06 1.27e-06 9.28e-06 
