Statistical covariance matrix for measured double-differential dijet cross-sections for the range 0.5 <= y* < 1.0 and jet radius parameter R = 0.6
ABS(YRAP(JET1)) : < 3.0
ABS(YRAP(JET2)) : < 3.0
PT(JET1) IN GEV : > 100
PT(JET2) IN GEV : > 50
R : 0.6
RE : P P --> JET JET X
SQRT(S) : 7000.0 GeV
YRAP* : 0.5 - 1.0
x : M(2JET) IN TEV
y : M(2JET) IN TEV
z : cov(x,y) IN PB**+2*TEV**-2
xlow-xhigh
0.31-0.37 1.02e+08 -2.27e+06 -1.13e+06 -1.46e+05 4.18e+04 -1.24e+04 -4.20e+03 7.07e+01 -5.71e+01 -3.51e+02 1.84e+02 3.78e+01 -3.73e+01 -1.89e+01 -2.91e+01 3.00e+00 -9.48e-01 -1.65e+00 -3.20e+00 -1.80e+00 -2.30e-01 
0.37-0.44 -2.27e+06 1.34e+07 -1.60e+05 -1.93e+05 -1.99e+04 5.74e+03 3.18e+03 4.24e+02 -1.29e+02 8.73e+01 6.06e+01 -4.30e+00 1.22e+00 -4.81e+00 8.59e+00 1.62e+00 -8.67e-01 -1.01e+00 -5.92e-01 6.61e-01 2.00e-02 
0.44-0.51 -1.13e+06 -1.60e+05 2.11e+06 -4.44e+04 -3.37e+04 -3.74e+03 -1.18e+03 8.85e+01 5.01e+01 -7.77e+01 -4.32e+01 -2.00e+01 2.41e+00 4.81e-01 -7.42e+00 -9.49e-01 2.44e-01 5.36e-02 3.72e-01 -7.96e-02 1.06e-02 
0.51-0.59 -1.46e+05 -1.93e+05 -4.44e+04 3.98e+05 -1.30e+04 -6.90e+03 -5.62e+00 -6.04e+01 -6.70e+01 -6.44e+01 -1.24e+01 1.13e+01 5.41e+00 2.95e+00 3.24e-02 -3.99e-01 3.13e-01 3.85e-02 6.12e-02 -2.37e-01 7.99e-03 
0.59-0.67 4.18e+04 -1.99e+04 -3.37e+04 -1.30e+04 8.51e+04 -1.17e+03 -1.44e+03 -1.28e+02 -4.92e+01 -1.50e-01 -4.03e+00 -2.19e+00 -7.84e-01 -2.75e-01 4.67e-01 -8.47e-01 -1.91e-01 5.73e-02 2.83e-03 -2.15e-02 -7.04e-03 
0.67-0.76 -1.24e+04 5.74e+03 -3.74e+03 -6.90e+03 -1.17e+03 1.59e+04 -3.00e+02 -2.42e+02 -5.97e+00 -2.09e+00 -4.74e+00 -6.54e-01 9.40e-01 -9.56e-02 3.67e-02 -3.05e-01 4.55e-03 -4.96e-02 -7.43e-02 3.28e-03 -2.10e-03 
0.76-0.85 -4.20e+03 3.18e+03 -1.18e+03 -5.62e+00 -1.44e+03 -3.00e+02 3.18e+03 -4.04e+01 -6.01e+01 -8.51e-01 3.44e-01 -2.89e-01 -5.90e-01 -2.36e-01 7.20e-02 1.35e-01 4.91e-02 1.02e-02 2.78e-02 1.46e-02 2.00e-03 
0.85-0.95 7.07e+01 4.24e+02 8.85e+01 -6.04e+01 -1.28e+02 -2.42e+02 -4.04e+01 5.38e+02 -1.55e+01 -9.29e+00 -4.05e-01 -3.95e-01 -3.36e-02 -1.97e-01 1.59e-02 5.00e-02 -1.48e-02 1.19e-02 1.79e-03 -2.61e-03 -1.45e-04 
0.95-1.06 -5.71e+01 -1.29e+02 5.01e+01 -6.70e+01 -4.92e+01 -5.97e+00 -6.01e+01 -1.55e+01 1.25e+02 -3.97e+00 -2.25e+00 4.30e-02 6.32e-02 9.46e-02 3.11e-02 -1.55e-02 -1.23e-02 -1.20e-03 -6.70e-04 2.29e-03 3.69e-04 
1.06-1.18 -3.51e+02 8.73e+01 -7.77e+01 -6.44e+01 -1.50e-01 -2.09e+00 -8.51e-01 -9.29e+00 -3.97e+00 2.50e+01 -1.04e+00 -4.78e-01 -5.38e-02 6.09e-03 1.04e-02 -6.17e-03 -1.66e-03 2.64e-03 -6.36e-04 -8.80e-04 1.47e-04 
1.18-1.31 1.84e+02 6.06e+01 -4.32e+01 -1.24e+01 -4.03e+00 -4.74e+00 3.44e-01 -4.05e-01 -2.25e+00 -1.04e+00 6.60e+00 -2.12e-01 -1.01e-01 -1.53e-02 9.67e-03 -1.80e-04 -5.28e-05 -7.66e-04 2.31e-03 4.40e-04 -8.14e-05 
1.31-1.45 3.78e+01 -4.30e+00 -2.00e+01 1.13e+01 -2.19e+00 -6.54e-01 -2.89e-01 -3.95e-01 4.30e-02 -4.78e-01 -2.12e-01 1.65e+00 -3.11e-02 -4.07e-02 -4.20e-03 -1.51e-03 2.59e-04 4.81e-04 1.70e-04 -1.50e-04 -5.59e-05 
1.45-1.60 -3.73e+01 1.22e+00 2.41e+00 5.41e+00 -7.84e-01 9.40e-01 -5.90e-01 -3.36e-02 6.32e-02 -5.38e-02 -1.01e-01 -3.11e-02 4.30e-01 4.77e-03 -1.23e-02 -1.24e-03 -3.92e-04 -5.42e-04 2.17e-05 2.27e-05 2.24e-05 
1.60-1.76 -1.89e+01 -4.81e+00 4.81e-01 2.95e+00 -2.75e-01 -9.56e-02 -2.36e-01 -1.97e-01 9.46e-02 6.09e-03 -1.53e-02 -4.07e-02 4.77e-03 1.52e-01 2.27e-03 -4.15e-03 -3.29e-04 -1.89e-04 -9.85e-05 -3.45e-05 8.85e-06 
1.76-1.94 -2.91e+01 8.59e+00 -7.42e+00 3.24e-02 4.67e-01 3.67e-02 7.20e-02 1.59e-02 3.11e-02 1.04e-02 9.67e-03 -4.20e-03 -1.23e-02 2.27e-03 5.42e-02 2.23e-03 -1.29e-03 -1.25e-04 1.42e-05 2.36e-05 -2.71e-07 
1.94-2.12 3.00e+00 1.62e+00 -9.49e-01 -3.99e-01 -8.47e-01 -3.05e-01 1.35e-01 5.00e-02 -1.55e-02 -6.17e-03 -1.80e-04 -1.51e-03 -1.24e-03 -4.15e-03 2.23e-03 2.28e-02 1.05e-03 -5.58e-04 -4.89e-05 6.33e-06 -7.34e-08 
2.12-2.33 -9.48e-01 -8.67e-01 2.44e-01 3.13e-01 -1.91e-01 4.55e-03 4.91e-02 -1.48e-02 -1.23e-02 -1.66e-03 -5.28e-05 2.59e-04 -3.92e-04 -3.29e-04 -1.29e-03 1.05e-03 8.68e-03 4.87e-04 -2.16e-04 -9.80e-06 -8.11e-06 
2.33-2.55 -1.65e+00 -1.01e+00 5.36e-02 3.85e-02 5.73e-02 -4.96e-02 1.02e-02 1.19e-02 -1.20e-03 2.64e-03 -7.66e-04 4.81e-04 -5.42e-04 -1.89e-04 -1.25e-04 -5.58e-04 4.87e-04 2.91e-03 1.63e-04 -5.27e-05 -3.51e-06 
2.55-2.78 -3.20e+00 -5.92e-01 3.72e-01 6.12e-02 2.83e-03 -7.43e-02 2.78e-02 1.79e-03 -6.70e-04 -6.36e-04 2.31e-03 1.70e-04 2.17e-05 -9.85e-05 1.42e-05 -4.89e-05 -2.16e-04 1.63e-04 1.22e-03 7.37e-05 -5.16e-06 
2.78-3.04 -1.80e+00 6.61e-01 -7.96e-02 -2.37e-01 -2.15e-02 3.28e-03 1.46e-02 -2.61e-03 2.29e-03 -8.80e-04 4.40e-04 -1.50e-04 2.27e-05 -3.45e-05 2.36e-05 6.33e-06 -9.80e-06 -5.27e-05 7.37e-05 3.46e-04 1.05e-06 
3.04-4.27 -2.30e-01 2.00e-02 1.06e-02 7.99e-03 -7.04e-03 -2.10e-03 2.00e-03 -1.45e-04 3.69e-04 1.47e-04 -8.14e-05 -5.59e-05 2.24e-05 8.85e-06 -2.71e-07 -7.34e-08 -8.11e-06 -3.51e-06 -5.16e-06 1.05e-06 1.03e-05 
