AlphaS_MZ: 0.118
AlphaS_OrderQCD: 2
AlphaS_Qs: [1.0, 1.0768843, 1.1642787, 1.2640247, 1.3783565, 1.502, 1.502, 1.65, 1.7874388, 1.9429053, 2.1193749, 2.32041, 2.5502944, 2.8142025, 3.1184122, 3.4705775, 3.8800751, 4.3584516, 4.936, 4.936, 5.5493622, 6.2897452, 7.1650687, 8.2052867, 9.4481248, 10.941378, 12.745972, 14.940062, 17.624572, 20.930715, 25.030298, 30.149928, 36.590777, 44.756282, 55.191298, 68.63794, 86.115921, 109.03923, 139.38725, 179.95815, 234.7482, 309.52544, 412.70732, 556.71861, 760.11795, 1050.9694, 1472.2574, 2090.6996, 3011.2909, 4401.6501, 6533.3918, 9853.5186, 15109.614, 23573.066, 37444.017, 60599.32, 100000.0]
AlphaS_Type: ipol
AlphaS_Vals: [0.47280274922610815, 0.44273885202728164, 0.41547761119173104, 0.3906098501510128, 0.3678092191115731, 0.34796030645858544, 0.34921888469008944, 0.3318475818888843, 0.3184796684209251, 0.30573790748325474, 0.2935817068499174, 0.28197439995680923, 0.2708825921204102, 0.26027589203472734, 0.25012652693043885, 0.24040902474013995, 0.23109996721482726, 0.22217776296316216, 0.2134028445564961, 0.2136912125416769, 0.20680091548959634, 0.19992818219178202, 0.19326498341358447, 0.18680560074127894, 0.18054446061297225, 0.1744761417002157, 0.1685953720236665, 0.16289696098583156, 0.15737592646333934, 0.15202735883137528, 0.14684650469829688, 0.14182864038007834, 0.13696927490037206, 0.13226395617019296, 0.12770835580444176, 0.12329824765049649, 0.11902950800050122, 0.11489811243559422, 0.11090013111532718, 0.10703173164372998, 0.10328917116432004, 0.09966879916744595, 0.09616704934836988, 0.09278045438560961, 0.08950561320753059, 0.086339220609639, 0.08327804807471981, 0.08031895013797527, 0.07745885987262782, 0.07469478201628776, 0.07202380928747482, 0.06944309088820806, 0.06694986135132765, 0.0645414223133562, 0.06221514467269997, 0.059968476179507076, 0.0577989215160997]
Authors: ''
DataVersion: 1
ErrorType: replicas
FlavorScheme: variable
Flavors: [22, -6, -5, -4, -3, -2, -1, 21, 1, 2, 3, 4, 5, 6]
ForcePositive: 0
Format: lhagrid1
MBottom: 4.936
MCharm: 1.502
MDown: 0.0
MStrange: 0.0
MTop: 172.5
MUp: 0.0
MZ: 91.188
NumFlavors: 5
NumMembers: REPLACE_NREP
OrderQCD: 2
Particle: 2212
QMax: 100000.0
QMin: 1.0
Reference: null
SetDesc: Evolved PDF from 1.65 GeV
SetIndex: 0
XMax: 1.0
XMin: 1.0e-09