1	0.074	0.099	 0.037	  0.084	    0.048     0.088	  0.0082     0.0048
0.074	1	0.086	 0.063	  0.12	    0.073     0.13	  0.02	     0.0069
0.099	0.086	1	-0.27	  0.072	    0.048     0.076	  0.015	     0.006
0.037	0.063	-0.27	1	 -0.0028    0.021     0.037	  0.00083   -0.00081
0.084	0.12	0.072	-0.0028	  1	   -0.15      0.071	  0.012	     0.0032
0.048	0.073	0.048	0.021	 -0.15	    1	      0.044	  0.014	     0.0021
0.088	0.13	0.076	0.037	  0.071	    0.044     1	  	  0.016	    -0.00019
0.0082	0.02	0.015	0.00083	  0.012	    0.014     0.016	  1	    -0.0039
0.0048	0.0069	0.006	-0.00081  0.0032    0.0021   -0.00019 	 -0.0039     1
