 1	-0.0008	0.074	0.078	0.036	0.035
-0.0008	 1	0.023	0.055	0.021	0.035
 0.074	 0.023	1	0.06	0.039	0.045
 0.078	 0.055	0.06	1	0.025	0.045
 0.036	 0.021	0.039	0.025	1	0.0087
 0.035	 0.035	0.045	0.045	0.0087	1
