 1	-0.013	 0.023	 0.033	 0.036	 0.024	0.031	 0.0042	 0.0074
-0.013	 1	 0.04	 0.036	 0.055	 0.046	0.064	 0.018	 0.019
 0.023	 0.04	 1	-0.27	 0.034	 0.031	0.032	 0.016	 0.016
 0.033	 0.036	-0.27	 1	 0.018	 0.016	0.038	-0.0018	 0.0015
 0.036	 0.055	 0.034	 0.018	 1	-0.18	0.042	 0.0046	 0.0083
 0.024	 0.046	 0.031	 0.016	-0.18	 1	0.024	 0.008	 0.0083
 0.031	 0.064	 0.032	 0.038	 0.042	 0.024	1	 0.0048	 0.0098
 0.0042	 0.018	 0.016	-0.0018	 0.0046	 0.008	0.0048	 1	-0.0084
 0.0074	 0.019	 0.016	 0.0015	 0.0083	 0.0083	0.0098	-0.0084	 1	
