Statistical covariance matrix for measured double-differential dijet cross-sections for the range 1.0 <= y* < 1.5 and jet radius parameter R = 0.6
ABS(YRAP(JET1)) : < 3.0
ABS(YRAP(JET2)) : < 3.0
PT(JET1) IN GEV : > 100
PT(JET2) IN GEV : > 50
R : 0.6
RE : P P --> JET JET X
SQRT(S) : 7000.0 GeV
YRAP* : 1.0 - 1.5
x : M(2JET) IN TEV
y : M(2JET) IN TEV
z : cov(x,y) IN PB**+2*TEV**-2
xlow-xhigh
0.51-0.59 5.44e+06 1.63e+05 -1.23e+05 -2.75e+04 -5.42e+03 -1.49e+03 -2.37e+01 3.57e+02 1.12e+02 -6.87e+01 1.77e+01 -9.93e+00 1.05e+01 -6.09e-01 2.34e+00 -2.58e+00 9.07e-01 1.64e-01 1.32e-01 
0.59-0.67 1.63e+05 1.23e+06 4.75e+04 -2.91e+04 -4.26e+03 -4.32e+02 1.81e+02 -6.51e+01 3.36e+01 3.49e+01 8.96e+00 -4.02e+00 -3.42e+00 -3.01e+00 3.97e-02 6.34e-01 -7.73e-01 1.07e-02 -1.80e-03 
0.67-0.76 -1.23e+05 4.75e+04 2.67e+05 6.30e+03 -4.64e+03 -7.53e+02 1.07e+02 -6.81e+01 1.52e+01 -3.96e+00 9.79e+00 3.01e+00 -4.85e-01 3.07e-01 -7.70e-01 6.14e-02 -3.83e-02 -2.68e-01 -8.44e-03 
0.76-0.85 -2.75e+04 -2.91e+04 6.30e+03 6.33e+04 2.52e+03 -1.45e+03 -5.71e+01 -6.71e+01 -1.98e+00 4.90e+00 -3.26e+00 -2.25e-01 -4.86e-01 1.13e+00 7.22e-02 -9.73e-02 5.05e-03 -1.87e-02 8.32e-04 
0.85-0.95 -5.42e+03 -4.26e+03 -4.64e+03 2.52e+03 1.73e+04 5.99e+02 -3.80e+02 -2.73e+01 1.14e+00 3.94e+00 2.41e+00 1.51e-01 -3.28e-01 4.56e-02 9.75e-02 -1.16e-02 6.53e-02 4.64e-02 3.33e-03 
0.95-1.06 -1.49e+03 -4.32e+02 -7.53e+02 -1.45e+03 5.99e+02 3.63e+03 1.07e+02 -7.21e+01 -1.06e+01 5.68e-01 3.17e-01 -6.61e-02 1.93e-02 -7.97e-02 8.94e-02 -9.25e-02 2.15e-03 8.94e-03 2.45e-04 
1.06-1.18 -2.37e+01 1.81e+02 1.07e+02 -5.71e+01 -3.80e+02 1.07e+02 9.72e+02 2.14e+01 -1.66e+01 -1.38e+00 -2.77e-01 -2.40e-01 1.07e-01 -4.87e-02 2.19e-05 -2.86e-02 -9.20e-03 4.91e-03 -5.26e-04 
1.18-1.31 3.57e+02 -6.51e+01 -6.81e+01 -6.71e+01 -2.73e+01 -7.21e+01 2.14e+01 1.56e+02 5.45e+00 -2.67e+00 -4.76e-01 -4.75e-02 2.04e-02 -2.24e-02 1.57e-02 1.68e-03 -2.78e-03 -2.36e-03 -1.96e-05 
1.31-1.45 1.12e+02 3.36e+01 1.52e+01 -1.98e+00 1.14e+00 -1.06e+01 -1.66e+01 5.45e+00 3.14e+01 7.61e-01 -6.40e-01 -1.07e-01 -1.59e-02 3.14e-03 -4.85e-03 -3.26e-03 -7.33e-04 -1.87e-04 -4.62e-05 
1.45-1.60 -6.87e+01 3.49e+01 -3.96e+00 4.90e+00 3.94e+00 5.68e-01 -1.38e+00 -2.67e+00 7.61e-01 8.29e+00 2.95e-01 -1.66e-01 -4.26e-03 -4.86e-03 -2.04e-03 1.64e-04 8.52e-04 -2.80e-04 4.21e-05 
1.60-1.76 1.77e+01 8.96e+00 9.79e+00 -3.26e+00 2.41e+00 3.17e-01 -2.77e-01 -4.76e-01 -6.40e-01 2.95e-01 1.58e+00 4.71e-02 -3.68e-02 -2.00e-03 1.09e-04 1.67e-04 -7.10e-05 -3.72e-05 -4.33e-05 
1.76-1.94 -9.93e+00 -4.02e+00 3.01e+00 -2.25e-01 1.51e-01 -6.61e-02 -2.40e-01 -4.75e-02 -1.07e-01 -1.66e-01 4.71e-02 3.74e-01 1.07e-02 -9.34e-03 -1.72e-03 7.54e-05 -5.21e-05 5.47e-05 2.05e-05 
1.94-2.12 1.05e+01 -3.42e+00 -4.85e-01 -4.86e-01 -3.28e-01 1.93e-02 1.07e-01 2.04e-02 -1.59e-02 -4.26e-03 -3.68e-02 1.07e-02 1.16e-01 4.01e-03 -2.21e-03 -3.59e-04 -9.92e-05 3.75e-05 4.98e-06 
2.12-2.33 -6.09e-01 -3.01e+00 3.07e-01 1.13e+00 4.56e-02 -7.97e-02 -4.87e-02 -2.24e-02 3.14e-03 -4.86e-03 -2.00e-03 -9.34e-03 4.01e-03 2.81e-02 1.72e-03 -7.47e-04 -1.19e-04 1.30e-05 4.96e-06 
2.33-2.55 2.34e+00 3.97e-02 -7.70e-01 7.22e-02 9.75e-02 8.94e-02 2.19e-05 1.57e-02 -4.85e-03 -2.04e-03 1.09e-04 -1.72e-03 -2.21e-03 1.72e-03 1.01e-02 5.74e-04 -2.10e-04 -1.22e-05 2.61e-06 
2.55-2.78 -2.58e+00 6.34e-01 6.14e-02 -9.73e-02 -1.16e-02 -9.25e-02 -2.86e-02 1.68e-03 -3.26e-03 1.64e-04 1.67e-04 7.54e-05 -3.59e-04 -7.47e-04 5.74e-04 3.96e-03 1.52e-04 -8.24e-05 1.35e-06 
2.78-3.04 9.07e-01 -7.73e-01 -3.83e-02 5.05e-03 6.53e-02 2.15e-03 -9.20e-03 -2.78e-03 -7.33e-04 8.52e-04 -7.10e-05 -5.21e-05 -9.92e-05 -1.19e-04 -2.10e-04 1.52e-04 1.25e-03 7.29e-05 -7.84e-06 
3.04-3.31 1.64e-01 1.07e-02 -2.68e-01 -1.87e-02 4.64e-02 8.94e-03 4.91e-03 -2.36e-03 -1.87e-04 -2.80e-04 -3.72e-05 5.47e-05 3.75e-05 1.30e-05 -1.22e-05 -8.24e-05 7.29e-05 3.32e-04 3.18e-06 
3.31-4.64 1.32e-01 -1.80e-03 -8.44e-03 8.32e-04 3.33e-03 2.45e-04 -5.26e-04 -1.96e-05 -4.62e-05 4.21e-05 -4.33e-05 2.05e-05 4.98e-06 4.96e-06 2.61e-06 1.35e-06 -7.84e-06 3.18e-06 1.12e-05 
