definitions:
  topo_unc:
    description: 50% uncertainty on the toponium cross section
    treatment: ADD
    type: CORR
bins:
- topo_unc: 4.289240602010466
- topo_unc: 4.117398837484346
- topo_unc: 3.7683096190410668
- topo_unc: 3.2417299805644615
- topo_unc: 2.667100273118984
- topo_unc: 1.9508346154993856
- topo_unc: 0.9212347601559848
