definitions:
  topo_unc:
    description: 50% uncertainty on the toponium cross section
    treatment: ADD
    type: CORR
bins:
- topo_unc: 8.578481204020932
- topo_unc: 8.234797674968693
- topo_unc: 7.5366192380821335
- topo_unc: 6.483459961128923
- topo_unc: 5.334200546237968
- topo_unc: 3.9016692309987713
- topo_unc: 1.8424695203119696
