definitions:
  topo_unc:
    description: 50% uncertainty on the toponium cross section
    treatment: ADD
    type: CORR
bins:
- topo_unc: 2.144620301005233
- topo_unc: 2.058699418742173
- topo_unc: 1.8841548095205334
- topo_unc: 1.6208649902822307
- topo_unc: 1.333550136559492
- topo_unc: 0.9754173077496928
- topo_unc: 0.4606173800779924
