AlphaS_MZ: 0.118
AlphaS_OrderQCD: 2
AlphaS_Qs: [1.0, 1.0768843, 1.1642787, 1.2640247, 1.3783565, 1.51, 1.51, 1.65, 1.7874388, 1.9429053, 2.1193749, 2.32041, 2.5502944, 2.8142025, 3.1184122, 3.4705775, 3.8800751, 4.3584516, 4.92, 4.92, 5.5493622, 6.2897452, 7.1650687, 8.2052867, 9.4481248, 10.941378, 12.745972, 14.940062, 17.624572, 20.930715, 25.030298, 30.149928, 36.590777, 44.756282, 55.191298, 68.63794, 86.115921, 109.03923, 139.38725, 179.95815, 234.7482, 309.52544, 412.70732, 556.71861, 760.11795, 1050.9694, 1472.2574, 2090.6996, 3011.2909, 4401.6501, 6533.3918, 9853.5186, 15109.614, 23573.066, 37444.017, 60599.32, 100000.0]
AlphaS_Type: ipol
AlphaS_Vals: [0.47271133709146906, 0.44266221172169196, 0.4154130949944016, 0.3905553860723925, 0.36776315950622424, 0.3467723875859851, 0.3480180268059436, 0.33170060211585933, 0.318347021588208, 0.3056181789701543, 0.2934736565610239, 0.28187687391598765, 0.2707945994615054, 0.2601965289984733, 0.2500550042997268, 0.24034460596999482, 0.23104200022685134, 0.22212565840451154, 0.21357568511796268, 0.2138647562453202, 0.2067794606729318, 0.19990935205861698, 0.19324856701226945, 0.1867914117985034, 0.18053231653765478, 0.17446587450920392, 0.168586812228934, 0.1628899974454032, 0.15737040556387785, 0.15202315496326085, 0.14684347681201898, 0.14182671905242783, 0.13696835119677708, 0.13226393450573531, 0.12770914978669995, 0.12329977803664048, 0.11903170126889101, 0.11490090057594611, 0.11090345127482798, 0.10703552585563045, 0.10329338565184272, 0.0996733827201353, 0.09617195291607485, 0.09278563943165287, 0.08951104411428568, 0.08634488664987375, 0.083283868858316, 0.08032492137299174, 0.07746495222023356, 0.07470096999239724, 0.07203006715695509, 0.06944940223266467, 0.06695620194940767, 0.06454778827686697, 0.062221516988423445, 0.05997483788994171, 0.057805260874167]
Authors: ''
DataVersion: 1
ErrorType: replicas
FlavorScheme: variable
Flavors: [22, -6, -5, -4, -3, -2, -1, 21, 1, 2, 3, 4, 5, 6]
ForcePositive: 0
Format: lhagrid1
MBottom: 4.92
MCharm: 1.51
MDown: 0.0
MStrange: 0.0
MTop: 172.5
MUp: 0.0
MZ: 91.2
NumFlavors: 5
NumMembers: 2
OrderQCD: 2
Particle: 2212
QMax: 100000.0
QMin: 1.0
Reference: null
SetDesc: Evolved PDF from 1.65 GeV
SetIndex: 0
XMax: 1.0
XMin: 1.0e-09