ID: 40_012_000
Comments: Same as 40_009_002, but alphas=0.106
PTO: 2
FNS: FONLL-C
DAMP: 0
IC: 1
Q0: 1.65
ModEv: TRN
XIR: 1.0
XIF: 1.0
NfFF: 5
QED: 0
HQ: POLE
mc: 1.51
Qmc: 1.51
kcThr: 1.0
mb: 4.92
Qmb: 4.92
kbThr: 1.0
mt: 175.0
Qmt: 172.5
ktThr: 1.0
CKM:
- 0.97428
- 0.2253
- 0.00347
- 0.2252
- 0.97345
- 0.041
- 0.00862
- 0.0403
- 0.999152
MZ: 91.1876
MW: 80.398
GF: 1.1663787e-05
SIN2TW: 0.23126
TMC: 1
MP: 0.938
Qref: 91.2
alphas: 0.106
alphaqed: 0.0077553
