ID: 40019007
Comments: Same as 40_019_003, but alphas=0.122
CKM:
- 0.97428
- 0.2253
- 0.00347
- 0.2252
- 0.97345
- 0.041
- 0.00862
- 0.0403
- 0.999152
DAMP: 0
FNS: FONLL-E
GF: 1.1663787e-05
HQ: POLE
IC: 1
MP: 0.938
MW: 80.398
MZ: 91.1876
ModEv: EXA
ModSV:
NfFF: 4
PTO: 3
Q0: 1.65
QED: 2
Qmb: 4.92
Qmc: 1.51
Qmt: 172.5
Qref: 91.2
SIN2TW: 0.23126
TMC: 1
XIF: 1.0
XIR: 1.0
alphaqed: 0.0077553
alphas: 0.122
kbThr: 1.0
kcThr: 1.0
ktThr: 1.0
mb: 4.92
mc: 1.51
mt: 172.5
n3lo_ad_variation: [0, 0, 0, 0, 0, 0, 0]
n3lo_cf_variation: 0
use_fhmruvv: true
