ID: 41_000_000
Comments: NNPDF4.1 baseline
PTO: 3
FNS: FONLL-C
DAMP: 0
IC: 1
Q0: 1.65
ModEv: EXA
IterEv: 60
XIR: 1.0
XIF: 1.0
NfFF: 5
QED: 0
HQ: POLE
mc: 1.502
Qmc: 1.502
kcThr: 1.0
mb: 4.936
Qmb: 4.936
kbThr: 1.0
mt: 172.4
Qmt: 172.4
ktThr: 1.0
CKM:
- 0.97428
- 0.2253
- 0.00347
- 0.2252
- 0.97345
- 0.041
- 0.00862
- 0.0403
- 0.999152
MZ: 91.1880
MW: 80.3692
GF: 1.1663788e-5
SIN2TW: 0.22348
TMC: 1
MP: 0.938
Qref: 91.2
alphas: 0.118
alphaqed: 0.0075700
