ID: 41_041_00
Comments: NNPDF4.1 N3LO QCD QED
PTO: 3
FNS: FONLL-E
DAMP: 0
IC: 1
Q0: 1.65
ModEv: EXA
IterEv: 60
XIR: 1.0
XIF: 1.0
NfFF: 5
QED: 2
HQ: POLE
mc: 1.502
Qmc: 1.502
kcThr: 1.0
mb: 4.936
Qmb: 4.936
kbThr: 1.0
mt: 172.5
Qmt: 172.5
ktThr: 1.0
CKM:
- 0.97367
- 0.22431
- 3.82e-3
- 0.221
- 0.975
- 41.1e-3
- 8.6e-3
- 41.5e-3
- 1.010
MZ: 91.1880
MW: 80.3692
GF: 1.1663788e-5
SIN2TW: 0.22348
TMC: 1
MP: 0.938
Qref: 91.1880
alphas: 0.118
alphaqed: 0.0075700
