CKM:
- 0.97428
- 0.2253
- 0.00347
- 0.2252
- 0.97345
- 0.041
- 0.00862
- 0.0403
- 0.999152
Comments: Polarised NNPDF2.0 NLO alphas=0.118 with nFONLL
DAMP: 0
EScaleVar: 1
FNS: FONLL-A
GF: 1.1663787e-05
HQ: POLE
IC: 0
ID: 823
MP: 0.938
MW: 80.398
MZ: 91.1876
MaxNfAs: 5
MaxNfPdf: 5
ModEv: TRN
NfFF: 4
PTO: 1
Q0: 1.0
QED: 0
Qedref: 1.777
Qmb: 4.92
Qmc: 1.51
Qmt: 172.5
Qref: 91.2
SIN2TW: 0.23126
SxOrd: LL
SxRes: 0
TMC: 3
XIF: 1.0
XIR: 1.0
alphaqed: 0.007496252
alphas: 0.118
global_nx: 0
kbThr: 1.0
kcThr: 1.0
ktThr: 1.0
mb: 4.92
mc: 1.51
mt: 172.5
nfref: 5
nf0: 3
n3lo_cf_variation: 0
