# Table 8 from https://www.hepdata.net/record/ins1711625
# Covariance matrix of the differential DY cross section measured in the muon channel in the full phase space
# The statistical uncertainty is included in the covariance, while the luminosity uncertainty is not
# The luminosity uncertainty, which is 2.3 percent, is therefore included in the filter
# NB: This is converted from the yaml file available on HEPData
288.28	29.519	16.606	9.7431	6.3573	3.9944	2.4513	1.4518	1.0776	0.86762	0.68096	0.61562	0.54134	0.65076	1.2754	9.9783	11.25	0.99445	0.35318	0.18166	0.12063	0.078303	0.05693	0.035057	0.012576	-0.0041451	-0.014986	-0.016387	-0.013612	-0.010605	-0.0085556	-0.0063618	-0.003937	-0.0023756	-0.0012956	-0.00040924	-0.00028005	-0.0001518	-9.1988e-05	-2.407e-05	-1.5412e-05	-2.7123e-06	-7.0622e-08
29.519	38.446	6.3554	3.8806	2.5196	1.5901	0.97222	0.57815	0.42993	0.34482	0.26948	0.24854	0.21876	0.25923	0.5204	3.9906	4.5008	0.40238	0.14226	0.073552	0.04707	0.03101	0.022675	0.014224	0.0052536	-0.0013852	-0.005764	-0.0063071	-0.005402	-0.0041962	-0.0034086	-0.0025028	-0.0015554	-0.00097279	-0.00049622	-0.00016226	-0.00010576	-6.2285e-05	-3.3801e-05	-8.6666e-06	-6.2369e-06	-1.2565e-06	-2.4378e-08
16.606	6.3554	41.438	2.0706	1.3984	0.87702	0.53645	0.32003	0.23416	0.19223	0.14853	0.13417	0.11819	0.14101	0.27779	2.1518	2.4214	0.21435	0.076611	0.037411	0.026313	0.01649	0.011943	0.0074665	0.0024797	-0.00097977	-0.0033938	-0.0034415	-0.0031245	-0.0024268	-0.0018624	-0.0014519	-0.00088565	-0.00053072	-0.00027592	-9.1819e-05	-6.2619e-05	-3.2389e-05	-1.9429e-05	-4.5488e-06	-3.2155e-06	-6.8139e-07	-2.2167e-08
9.7431	3.8806	2.0706	8.451	0.80286	0.51669	0.31609	0.18746	0.13913	0.11081	0.086937	0.078303	0.06883	0.079864	0.15778	1.2127	1.3542	0.11869	0.041765	0.022371	0.014006	0.0091916	0.0065955	0.003854	0.0012555	-0.00079955	-0.0020671	-0.0021984	-0.0018608	-0.0013786	-0.0011347	-0.0008434	-0.00052559	-0.00031995	-0.0001684	-5.2022e-05	-3.5509e-05	-2.0471e-05	-1.1112e-05	-2.9917e-06	-2.0785e-06	-4.5269e-07	-1.0835e-08
6.3573	2.5196	1.3984	0.80286	1.565	0.33113	0.20627	0.122	0.089677	0.072387	0.056235	0.050827	0.043988	0.051993	0.099928	0.76655	0.85837	0.074731	0.026459	0.013659	0.0090698	0.005655	0.0041588	0.0024855	0.00065772	-0.00067828	-0.0013779	-0.0014883	-0.0012322	-0.00095647	-0.00075614	-0.00056372	-0.00035174	-0.00020637	-0.00011432	-3.6143e-05	-2.4977e-05	-1.3109e-05	-7.5736e-06	-1.8974e-06	-1.2921e-06	-2.6898e-07	-8.1844e-09
3.9944	1.5901	0.87702	0.51669	0.33113	0.31587	0.12663	0.076756	0.056765	0.045186	0.035456	0.031769	0.027814	0.032201	0.062469	0.47793	0.53323	0.046954	0.016538	0.0084381	0.0054981	0.0035416	0.0025415	0.0014979	0.00038664	-0.00037247	-0.00087781	-0.00094024	-0.00077796	-0.00062039	-0.00047155	-0.00035204	-0.00021876	-0.00013257	-7.1418e-05	-2.3393e-05	-1.4852e-05	-8.3034e-06	-4.9177e-06	-1.2333e-06	-8.1947e-07	-1.7213e-07	-3.7048e-09
2.4513	0.97222	0.53645	0.31609	0.20627	0.12663	0.11974	0.045681	0.034755	0.028159	0.021861	0.019852	0.017319	0.02032	0.040059	0.30476	0.34481	0.030028	0.010781	0.0054699	0.0036641	0.0022786	0.0017593	0.00098601	0.00028196	-0.00017915	-0.00051951	-0.00054397	-0.00045666	-0.00035623	-0.00027625	-0.00021503	-0.0001332	-7.9558e-05	-4.2049e-05	-1.3244e-05	-9.4248e-06	-5.0574e-06	-2.8011e-06	-8.0404e-07	-5.3064e-07	-1.1549e-07	-2.6446e-09
1.4518	0.57815	0.32003	0.18746	0.122	0.076756	0.045681	0.053304	0.019827	0.016843	0.013196	0.011868	0.010683	0.01279	0.025191	0.19607	0.21974	0.019426	0.0069082	0.0035283	0.0023521	0.0015621	0.0010902	0.00067175	0.00027215	-7.3701e-05	-0.00025918	-0.00029212	-0.00025688	-0.00019387	-0.00015713	-0.00012037	-7.1487e-05	-4.5513e-05	-2.3945e-05	-7.9215e-06	-5.0988e-06	-2.8856e-06	-1.6174e-06	-4.5636e-07	-3.237e-07	-5.1711e-08	-1.4361e-09
1.0776	0.42993	0.23416	0.13913	0.089677	0.056765	0.034755	0.019827	0.036518	0.011338	0.0099224	0.0090216	0.0081737	0.0098025	0.019675	0.15254	0.17079	0.015159	0.0053233	0.0028485	0.0018348	0.0012191	0.00092773	0.00056289	0.00026365	-1.6093e-05	-0.00018273	-0.00021139	-0.00017741	-0.00013578	-0.00011306	-8.6333e-05	-5.3262e-05	-3.2777e-05	-1.6749e-05	-6.0057e-06	-3.6645e-06	-1.9631e-06	-1.1554e-06	-2.8162e-07	-2.2432e-07	-4.3721e-08	-1.0902e-09
0.86762	0.34482	0.19223	0.11081	0.072387	0.045186	0.028159	0.016843	0.011338	0.029647	0.0063982	0.0077342	0.0066429	0.0081728	0.016668	0.13168	0.14822	0.013165	0.0048766	0.0024511	0.001647	0.001061	0.00076654	0.00053509	0.00020481	2.6822e-05	-0.00012968	-0.00014748	-0.00013779	-0.00010369	-8.5704e-05	-6.5495e-05	-4.1249e-05	-2.4589e-05	-1.3991e-05	-3.7476e-06	-3.0054e-06	-1.47e-06	-1.0198e-06	-2.4821e-07	-1.5608e-07	-3.6133e-08	-9.4251e-10
0.68096	0.26948	0.14853	0.086937	0.056235	0.035456	0.021861	0.013196	0.0099224	0.0063982	0.027538	0.0041725	0.005984	0.0069514	0.014878	0.11434	0.13082	0.011298	0.0041448	0.0021298	0.0014424	0.0010333	0.00071322	0.00050622	0.00025237	7.5391e-05	-4.7643e-05	-9.1859e-05	-8.8747e-05	-6.7813e-05	-6.1894e-05	-4.3847e-05	-2.9722e-05	-1.6834e-05	-8.2553e-06	-3.1833e-06	-2.0879e-06	-1.1181e-06	-6.3165e-07	-1.984e-07	-1.1193e-07	-1.9114e-08	-2.4859e-10
0.61562	0.24854	0.13417	0.078303	0.050827	0.031769	0.019852	0.011868	0.0090216	0.0077342	0.0041725	0.031465	0.0031844	0.0071383	0.014762	0.11795	0.13363	0.012194	0.0043449	0.0022686	0.0015779	0.00097291	0.00081733	0.00053418	0.00028334	0.00012383	-1.7732e-05	-5.2632e-05	-6.3681e-05	-5.7026e-05	-4.0983e-05	-3.5598e-05	-2.1533e-05	-1.4403e-05	-7.1928e-06	-1.7075e-06	-1.6166e-06	-8.0255e-07	-4.5984e-07	-1.5987e-07	-8.2325e-08	-2.3813e-08	-3.1063e-10
0.54134	0.21876	0.11819	0.06883	0.043988	0.027814	0.017319	0.010683	0.0081737	0.0066429	0.005984	0.0031844	0.042211	0.004966	0.016429	0.12803	0.14702	0.013272	0.0047942	0.0024169	0.0017706	0.0011726	0.00089988	0.00065188	0.00037987	0.00019953	5.9579e-05	1.2892e-06	-1.81e-05	-2.5237e-05	-2.4714e-05	-1.6325e-05	-1.1616e-05	-8.2117e-06	-3.5521e-06	-1.4666e-06	-9.173e-07	-6.073e-07	-2.5662e-07	-1.3664e-07	-4.095e-08	-1.4416e-08	-2.9947e-10
0.65076	0.25923	0.14101	0.079864	0.051993	0.032201	0.02032	0.01279	0.0098025	0.0081728	0.0069514	0.0071383	0.004966	0.085513	0.019617	0.19149	0.21944	0.019785	0.0072842	0.0039292	0.0026664	0.0018071	0.0015014	0.0010147	0.00065035	0.0004236	0.00013538	8.6839e-05	6.1477e-06	3.0722e-06	-4.0618e-07	-1.219e-05	-8.2703e-06	-3.729e-06	-2.6476e-06	-1.2054e-06	-5.9853e-07	-4.7009e-07	-1.7908e-07	-4.1489e-08	-1.5197e-08	-1.9937e-08	1.865e-10
1.2754	0.5204	0.27779	0.15778	0.099928	0.062469	0.040059	0.025191	0.019675	0.016668	0.014878	0.014762	0.016429	0.019617	0.39045	0.44648	0.53673	0.048438	0.017788	0.0097912	0.0065969	0.0045363	0.0035488	0.0026423	0.001664	0.0010694	0.0004654	0.00025249	9.4816e-05	4.979e-05	5.2498e-06	2.0043e-06	-1.0404e-06	-4.1631e-06	-1.4448e-06	-4.8456e-07	-7.4783e-07	-3.1634e-07	-1.1975e-07	-1.4285e-07	-3.6922e-08	-5.7182e-09	4.8612e-10
9.9783	3.9906	2.1518	1.2127	0.76655	0.47793	0.30476	0.19607	0.15254	0.13168	0.11434	0.11795	0.12803	0.19149	0.44648	21.822	4.4915	0.42382	0.15607	0.084378	0.058896	0.039594	0.031363	0.022888	0.014922	0.0094773	0.0043301	0.0022334	0.00090458	0.00043556	0.00018415	3.1605e-05	-1.72e-05	-2.2342e-05	-1.7657e-05	-7.3443e-06	-3.7516e-06	-2.9411e-06	-2.661e-06	-3.8939e-07	-2.0524e-07	-6.7146e-08	-3.9287e-09
11.25	4.5008	2.4214	1.3542	0.85837	0.53323	0.34481	0.21974	0.17079	0.14822	0.13082	0.13363	0.14702	0.21944	0.53673	4.4915	29.818	0.47553	0.18257	0.098281	0.067953	0.046075	0.036884	0.026755	0.017356	0.011228	0.004979	0.0026396	0.0011603	0.00055872	0.00020961	6.1639e-05	3.5002e-06	-1.8418e-05	-1.6901e-05	-8.6016e-06	-6.2818e-06	-2.5065e-06	-9.7875e-07	-6.503e-07	-3.5859e-07	-6.411e-08	-1.3527e-09
0.99445	0.40238	0.21435	0.11869	0.074731	0.046954	0.030028	0.019426	0.015159	0.013165	0.011298	0.012194	0.013272	0.019785	0.048438	0.42382	0.47553	0.2467	0.014013	0.0097071	0.0061952	0.0042524	0.0033515	0.0024755	0.0016081	0.0010279	0.00046349	0.00026133	0.00010734	5.6849e-05	2.7447e-05	3.0153e-06	3.8571e-06	-3.0735e-06	-1.2053e-06	-2.2866e-07	-2.0524e-07	-2.5984e-07	-3.503e-08	-9.3968e-09	-5.3975e-08	-2.0898e-09	-3.7175e-10
0.35318	0.14226	0.076611	0.041765	0.026459	0.016538	0.010781	0.0069082	0.0053233	0.0048766	0.0041448	0.0043449	0.0047942	0.0072842	0.017788	0.15607	0.18257	0.014013	0.034962	0.0015523	0.0026989	0.0015384	0.0012545	0.00094603	0.00060514	0.00039898	0.00018725	9.3582e-05	3.9194e-05	2.1672e-05	1.3469e-05	3.9338e-06	1.1115e-06	1.4774e-07	2.5179e-07	-4.3321e-07	-4.8201e-08	-1.1685e-07	7.5146e-08	-5.4531e-08	-1.1674e-08	2.0596e-09	-1.0242e-10
0.18166	0.073552	0.037411	0.022371	0.013659	0.0084381	0.0054699	0.0035283	0.0028485	0.0024511	0.0021298	0.0022686	0.0024169	0.0039292	0.0097912	0.084378	0.098281	0.0097071	0.0015523	0.010998	9.6461e-05	0.0011002	0.00066027	0.00048656	0.00033872	0.00020113	0.00010678	5.0698e-05	3.5735e-05	1.8461e-05	3.8428e-06	4.7794e-06	8.0896e-07	2.5652e-07	-5.6105e-08	3.5756e-08	-1.0119e-07	-1.9954e-07	-2.6019e-08	-3.6656e-08	-1.16e-10	-8.0955e-10	2.2585e-10
0.12063	0.04707	0.026313	0.014006	0.0090698	0.0054981	0.0036641	0.0023521	0.0018348	0.001647	0.0014424	0.0015779	0.0017706	0.0026664	0.0065969	0.058896	0.067953	0.0061952	0.0026989	9.6461e-05	0.0048777	-8.5698e-06	0.00059867	0.00034409	0.00022908	0.0001577	7.199e-05	4.523e-05	1.6219e-05	1.2145e-05	8.3848e-06	3.5222e-06	1.3786e-07	2.8107e-07	1.6053e-07	8.7127e-08	1.0273e-07	5.2845e-08	1.8304e-08	-1.5337e-09	1.1847e-08	4.7022e-09	-1.7308e-12
0.078303	0.03101	0.01649	0.0091916	0.005655	0.0035416	0.0022786	0.0015621	0.0012191	0.001061	0.0010333	0.00097291	0.0011726	0.0018071	0.0045363	0.039594	0.046075	0.0042524	0.0015384	0.0011002	-8.5698e-06	0.002316	-2.2168e-05	0.00027731	0.00015394	0.00011451	4.6799e-05	3.4767e-05	1.5733e-05	9.4626e-06	5.134e-06	3.2292e-06	1.0579e-06	1.1038e-06	4.9037e-07	1.7092e-07	7.019e-08	-4.4498e-08	1.9134e-08	9.5588e-09	3.8748e-09	1.6269e-09	-2.0045e-10
0.05693	0.022675	0.011943	0.0065955	0.0041588	0.0025415	0.0017593	0.0010902	0.00092773	0.00076654	0.00071322	0.00081733	0.00089988	0.0015014	0.0035488	0.031363	0.036884	0.0033515	0.0012545	0.00066027	0.00059867	-2.2168e-05	0.0013384	-6.9269e-06	0.00017536	8.1783e-05	4.6816e-05	2.7715e-05	1.552e-05	6.5665e-06	7.2489e-06	2.4765e-06	2.2088e-06	6.131e-07	3.958e-07	3.4121e-08	3.7166e-08	6.8506e-08	2.9366e-08	-1.1389e-08	1.0097e-08	-1.8074e-10	1.5267e-10
0.035057	0.014224	0.0074665	0.003854	0.0024855	0.0014979	0.00098601	0.00067175	0.00056289	0.00053509	0.00050622	0.00053418	0.00065188	0.0010147	0.0026423	0.022888	0.026755	0.0024755	0.00094603	0.00048656	0.00034409	0.00027731	-6.9269e-06	0.00072336	-4.9284e-07	8.5448e-05	3.8174e-05	2.2857e-05	1.4142e-05	9.5222e-06	5.4991e-06	3.3805e-06	1.8411e-06	1.2132e-06	3.8993e-07	1.893e-07	6.6935e-08	6.3698e-08	5.2187e-08	2.3038e-08	3.2173e-09	3.8522e-10	1.3099e-11
0.012576	0.0052536	0.0024797	0.0012555	0.00065772	0.00038664	0.00028196	0.00027215	0.00026365	0.00020481	0.00025237	0.00028334	0.00037987	0.00065035	0.001664	0.014922	0.017356	0.0016081	0.00060514	0.00033872	0.00022908	0.00015394	0.00017536	-4.9284e-07	0.00041887	-8.3754e-06	4.1353e-05	1.9174e-05	1.2352e-05	8.4719e-06	6.1121e-06	3.7605e-06	2.4666e-06	1.2544e-06	7.1025e-07	2.0292e-07	1.6089e-07	7.9648e-08	4.7928e-08	1.7174e-09	-1.0351e-09	2.9398e-09	6.5668e-11
-0.0041451	-0.0013852	-0.00097977	-0.00079955	-0.00067828	-0.00037247	-0.00017915	-7.3701e-05	-1.6093e-05	2.6822e-05	7.5391e-05	0.00012383	0.00019953	0.0004236	0.0010694	0.0094773	0.011228	0.0010279	0.00039898	0.00020113	0.0001577	0.00011451	8.1783e-05	8.5448e-05	-8.3754e-06	0.00027377	-8.7001e-06	2.6771e-05	1.3562e-05	8.8238e-06	7.6505e-06	4.7543e-06	2.8874e-06	1.74e-06	8.9034e-07	2.0766e-07	1.3999e-07	8.5738e-08	7.1477e-08	8.2091e-09	8.0355e-09	1.9689e-09	-1.7432e-11
-0.014986	-0.005764	-0.0033938	-0.0020671	-0.0013779	-0.00087781	-0.00051951	-0.00025918	-0.00018273	-0.00012968	-4.7643e-05	-1.7732e-05	5.9579e-05	0.00013538	0.0004654	0.0043301	0.004979	0.00046349	0.00018725	0.00010678	7.199e-05	4.6799e-05	4.6816e-05	3.8174e-05	4.1353e-05	-8.7001e-06	0.00015227	-8.5701e-06	1.507e-05	7.3144e-06	5.9397e-06	4.0315e-06	2.3812e-06	1.5629e-06	7.8958e-07	2.5883e-07	1.8694e-07	1.0357e-07	5.3805e-08	1.3356e-08	1.2608e-08	1.826e-09	4.1332e-11
-0.016387	-0.0063071	-0.0034415	-0.0021984	-0.0014883	-0.00094024	-0.00054397	-0.00029212	-0.00021139	-0.00014748	-9.1859e-05	-5.2632e-05	1.2892e-06	8.6839e-05	0.00025249	0.0022334	0.0026396	0.00026133	9.3582e-05	5.0698e-05	4.523e-05	3.4767e-05	2.7715e-05	2.2857e-05	1.9174e-05	2.6771e-05	-8.5701e-06	0.00010291	-2.8287e-06	8.1868e-06	5.3579e-06	3.8501e-06	2.4111e-06	1.3718e-06	7.0668e-07	2.31e-07	1.3261e-07	9.3668e-08	4.042e-08	8.1262e-09	5.3926e-09	1.6942e-09	4.4467e-11
-0.013612	-0.005402	-0.0031245	-0.0018608	-0.0012322	-0.00077796	-0.00045666	-0.00025688	-0.00017741	-0.00013779	-8.8747e-05	-6.3681e-05	-1.81e-05	6.1477e-06	9.4816e-05	0.00090458	0.0011603	0.00010734	3.9194e-05	3.5735e-05	1.6219e-05	1.5733e-05	1.552e-05	1.4142e-05	1.2352e-05	1.3562e-05	1.507e-05	-2.8287e-06	4.9568e-05	-6.3711e-07	4.3927e-06	2.6826e-06	1.6166e-06	1.0592e-06	5.651e-07	1.7125e-07	1.0512e-07	6.4299e-08	4.607e-08	5.3423e-09	1.1428e-08	9.7574e-10	2.3804e-11
-0.010605	-0.0041962	-0.0024268	-0.0013786	-0.00095647	-0.00062039	-0.00035623	-0.00019387	-0.00013578	-0.00010369	-6.7813e-05	-5.7026e-05	-2.5237e-05	3.0722e-06	4.979e-05	0.00043556	0.00055872	5.6849e-05	2.1672e-05	1.8461e-05	1.2145e-05	9.4626e-06	6.5665e-06	9.5222e-06	8.4719e-06	8.8238e-06	7.3144e-06	8.1868e-06	-6.3711e-07	2.8838e-05	7.5608e-07	2.2495e-06	1.3718e-06	7.2728e-07	3.9816e-07	1.1982e-07	1.1453e-07	4.8449e-08	1.7492e-08	9.7894e-09	2.6674e-09	1.0747e-09	4.5951e-11
-0.0085556	-0.0034086	-0.0018624	-0.0011347	-0.00075614	-0.00047155	-0.00027625	-0.00015713	-0.00011306	-8.5704e-05	-6.1894e-05	-4.0983e-05	-2.4714e-05	-4.0618e-07	5.2498e-06	0.00018415	0.00020961	2.7447e-05	1.3469e-05	3.8428e-06	8.3848e-06	5.134e-06	7.2489e-06	5.4991e-06	6.1121e-06	7.6505e-06	5.9397e-06	5.3579e-06	4.3927e-06	7.5608e-07	1.5775e-05	8.6436e-07	9.7702e-07	6.0275e-07	2.8318e-07	9.0847e-08	6.2763e-08	2.7671e-08	2.1221e-08	5.246e-09	5.0625e-09	6.8882e-10	1.4922e-11
-0.0063618	-0.0025028	-0.0014519	-0.0008434	-0.00056372	-0.00035204	-0.00021503	-0.00012037	-8.6333e-05	-6.5495e-05	-4.3847e-05	-3.5598e-05	-1.6325e-05	-1.219e-05	2.0043e-06	3.1605e-05	6.1639e-05	3.0153e-06	3.9338e-06	4.7794e-06	3.5222e-06	3.2292e-06	2.4765e-06	3.3805e-06	3.7605e-06	4.7543e-06	4.0315e-06	3.8501e-06	2.6826e-06	2.2495e-06	8.6436e-07	9.1817e-06	3.3306e-07	4.4144e-07	2.1389e-07	7.6058e-08	4.3806e-08	3.5625e-08	1.1775e-08	2.869e-09	2.1923e-09	4.4309e-10	-9.6491e-12
-0.003937	-0.0015554	-0.00088565	-0.00052559	-0.00035174	-0.00021876	-0.0001332	-7.1487e-05	-5.3262e-05	-4.1249e-05	-2.9722e-05	-2.1533e-05	-1.1616e-05	-8.2703e-06	-1.0404e-06	-1.72e-05	3.5002e-06	3.8571e-06	1.1115e-06	8.0896e-07	1.3786e-07	1.0579e-06	2.2088e-06	1.8411e-06	2.4666e-06	2.8874e-06	2.3812e-06	2.4111e-06	1.6166e-06	1.3718e-06	9.7702e-07	3.3306e-07	3.8126e-06	1.4052e-07	1.4498e-07	3.0206e-08	2.93e-08	1.6895e-08	1.0455e-08	2.6561e-09	1.6683e-09	3.7801e-10	9.6617e-12
-0.0023756	-0.00097279	-0.00053072	-0.00031995	-0.00020637	-0.00013257	-7.9558e-05	-4.5513e-05	-3.2777e-05	-2.4589e-05	-1.6834e-05	-1.4403e-05	-8.2117e-06	-3.729e-06	-4.1631e-06	-2.2342e-05	-1.8418e-05	-3.0735e-06	1.4774e-07	2.5652e-07	2.8107e-07	1.1038e-06	6.131e-07	1.2132e-06	1.2544e-06	1.74e-06	1.5629e-06	1.3718e-06	1.0592e-06	7.2728e-07	6.0275e-07	4.4144e-07	1.4052e-07	1.3898e-06	4.8456e-08	2.9926e-08	1.6308e-08	9.1272e-09	5.5543e-09	1.3881e-09	8.8913e-10	1.8664e-10	5.6582e-12
-0.0012956	-0.00049622	-0.00027592	-0.0001684	-0.00011432	-7.1418e-05	-4.2049e-05	-2.3945e-05	-1.6749e-05	-1.3991e-05	-8.2553e-06	-7.1928e-06	-3.5521e-06	-2.6476e-06	-1.4448e-06	-1.7657e-05	-1.6901e-05	-1.2053e-06	2.5179e-07	-5.6105e-08	1.6053e-07	4.9037e-07	3.958e-07	3.8993e-07	7.1025e-07	8.9034e-07	7.8958e-07	7.0668e-07	5.651e-07	3.9816e-07	2.8318e-07	2.1389e-07	1.4498e-07	4.8456e-08	4.5538e-07	-3.5134e-09	1.0597e-08	5.6979e-09	2.5771e-09	7.1256e-10	5.474e-10	6.957e-11	4.1286e-12
-0.00040924	-0.00016226	-9.1819e-05	-5.2022e-05	-3.6143e-05	-2.3393e-05	-1.3244e-05	-7.9215e-06	-6.0057e-06	-3.7476e-06	-3.1833e-06	-1.7075e-06	-1.4666e-06	-1.2054e-06	-4.8456e-07	-7.3443e-06	-8.6016e-06	-2.2866e-07	-4.3321e-07	3.5756e-08	8.7127e-08	1.7092e-07	3.4121e-08	1.893e-07	2.0292e-07	2.0766e-07	2.5883e-07	2.31e-07	1.7125e-07	1.1982e-07	9.0847e-08	7.6058e-08	3.0206e-08	2.9926e-08	-3.5134e-09	8.7002e-08	-6.4246e-09	1.9849e-09	8.2176e-10	1.361e-10	3.4237e-10	8.5815e-13	1.6268e-12
-0.00028005	-0.00010576	-6.2619e-05	-3.5509e-05	-2.4977e-05	-1.4852e-05	-9.4248e-06	-5.0988e-06	-3.6645e-06	-3.0054e-06	-2.0879e-06	-1.6166e-06	-9.173e-07	-5.9853e-07	-7.4783e-07	-3.7516e-06	-6.2818e-06	-2.0524e-07	-4.8201e-08	-1.0119e-07	1.0273e-07	7.019e-08	3.7166e-08	6.6935e-08	1.6089e-07	1.3999e-07	1.8694e-07	1.3261e-07	1.0512e-07	1.1453e-07	6.2763e-08	4.3806e-08	2.93e-08	1.6308e-08	1.0597e-08	-6.4246e-09	3.9027e-08	-2.1889e-09	7.2246e-10	1.1978e-10	1.1364e-10	1.0179e-11	5.3459e-13
-0.0001518	-6.2285e-05	-3.2389e-05	-2.0471e-05	-1.3109e-05	-8.3034e-06	-5.0574e-06	-2.8856e-06	-1.9631e-06	-1.47e-06	-1.1181e-06	-8.0255e-07	-6.073e-07	-4.7009e-07	-3.1634e-07	-2.9411e-06	-2.5065e-06	-2.5984e-07	-1.1685e-07	-1.9954e-07	5.2845e-08	-4.4498e-08	6.8506e-08	6.3698e-08	7.9648e-08	8.5738e-08	1.0357e-07	9.3668e-08	6.4299e-08	4.8449e-08	2.7671e-08	3.5625e-08	1.6895e-08	9.1272e-09	5.6979e-09	1.9849e-09	-2.1889e-09	1.2771e-08	-1.2835e-09	1.1146e-10	1.1543e-10	-5.9541e-12	4.4081e-13
-9.1988e-05	-3.3801e-05	-1.9429e-05	-1.1112e-05	-7.5736e-06	-4.9177e-06	-2.8011e-06	-1.6174e-06	-1.1554e-06	-1.0198e-06	-6.3165e-07	-4.5984e-07	-2.5662e-07	-1.7908e-07	-1.1975e-07	-2.661e-06	-9.7875e-07	-3.503e-08	7.5146e-08	-2.6019e-08	1.8304e-08	1.9134e-08	2.9366e-08	5.2187e-08	4.7928e-08	7.1477e-08	5.3805e-08	4.042e-08	4.607e-08	1.7492e-08	2.1221e-08	1.1775e-08	1.0455e-08	5.5543e-09	2.5771e-09	8.2176e-10	7.2246e-10	-1.2835e-09	5.3974e-09	-3.0802e-10	4.425e-11	1.0413e-11	5.8575e-14
-2.407e-05	-8.6666e-06	-4.5488e-06	-2.9917e-06	-1.8974e-06	-1.2333e-06	-8.0404e-07	-4.5636e-07	-2.8162e-07	-2.4821e-07	-1.984e-07	-1.5987e-07	-1.3664e-07	-4.1489e-08	-1.4285e-07	-3.8939e-07	-6.503e-07	-9.3968e-09	-5.4531e-08	-3.6656e-08	-1.5337e-09	9.5588e-09	-1.1389e-08	2.3038e-08	1.7174e-09	8.2091e-09	1.3356e-08	8.1262e-09	5.3423e-09	9.7894e-09	5.246e-09	2.869e-09	2.6561e-09	1.3881e-09	7.1256e-10	1.361e-10	1.1978e-10	1.1146e-10	-3.0802e-10	1.2169e-09	-1.3484e-10	8.5446e-12	-2.0254e-13
-1.5412e-05	-6.2369e-06	-3.2155e-06	-2.0785e-06	-1.2921e-06	-8.1947e-07	-5.3064e-07	-3.237e-07	-2.2432e-07	-1.5608e-07	-1.1193e-07	-8.2325e-08	-4.095e-08	-1.5197e-08	-3.6922e-08	-2.0524e-07	-3.5859e-07	-5.3975e-08	-1.1674e-08	-1.16e-10	1.1847e-08	3.8748e-09	1.0097e-08	3.2173e-09	-1.0351e-09	8.0355e-09	1.2608e-08	5.3926e-09	1.1428e-08	2.6674e-09	5.0625e-09	2.1923e-09	1.6683e-09	8.8913e-10	5.474e-10	3.4237e-10	1.1364e-10	1.1543e-10	4.425e-11	-1.3484e-10	4.5331e-10	-1.7408e-11	7.2534e-14
-2.7123e-06	-1.2565e-06	-6.8139e-07	-4.5269e-07	-2.6898e-07	-1.7213e-07	-1.1549e-07	-5.1711e-08	-4.3721e-08	-3.6133e-08	-1.9114e-08	-2.3813e-08	-1.4416e-08	-1.9937e-08	-5.7182e-09	-6.7146e-08	-6.411e-08	-2.0898e-09	2.0596e-09	-8.0955e-10	4.7022e-09	1.6269e-09	-1.8074e-10	3.8522e-10	2.9398e-09	1.9689e-09	1.826e-09	1.6942e-09	9.7574e-10	1.0747e-09	6.8882e-10	4.4309e-10	3.7801e-10	1.8664e-10	6.957e-11	8.5815e-13	1.0179e-11	-5.9541e-12	1.0413e-11	8.5446e-12	-1.7408e-11	2.2271e-11	-6.1066e-14
-7.0622e-08	-2.4378e-08	-2.2167e-08	-1.0835e-08	-8.1844e-09	-3.7048e-09	-2.6446e-09	-1.4361e-09	-1.0902e-09	-9.4251e-10	-2.4859e-10	-3.1063e-10	-2.9947e-10	1.865e-10	4.8612e-10	-3.9287e-09	-1.3527e-09	-3.7175e-10	-1.0242e-10	2.2585e-10	-1.7308e-12	-2.0045e-10	1.5267e-10	1.3099e-11	6.5668e-11	-1.7432e-11	4.1332e-11	4.4467e-11	2.3804e-11	4.5951e-11	1.4922e-11	-9.6491e-12	9.6617e-12	5.6582e-12	4.1286e-12	1.6268e-12	5.3459e-13	4.4081e-13	5.8575e-14	-2.0254e-13	7.2534e-14	-6.1066e-14	2.0291e-13
