# Table 10 from https://www.hepdata.net/record/ins1711625
# Covariance matrix of the differential DY cross section measured for the combination of the
# two channels in the full phase space.
# NB: This is converted from the yaml file available on HEPData
257.48	24.717	13.363	7.7636	5.2079	3.3656	2.2404	1.488	1.2132	1.0275	0.9726	1.0047	1.1341	1.6528	3.6477	25.101	26.582	2.2425	0.80837	0.41552	0.25897	0.17274	0.12713	0.085612	0.052618	0.036207	0.019577	0.012716	0.0077999	0.0049725	0.0033079	0.0021432	0.0012284	0.00071755	0.00038905	0.00011905	3.9691e-05	3.3127e-05	1.6155e-05	1.4431e-06	1.8173e-06	4.1344e-07	3.1586e-08	
24.717	39.23	5.2789	3.4165	2.327	1.5084	0.99821	0.66033	0.53685	0.45484	0.42553	0.44256	0.49397	0.71248	1.5653	10.775	11.362	0.95945	0.34601	0.18121	0.11236	0.075613	0.053613	0.037604	0.022804	0.015912	0.0080282	0.0053722	0.0032197	0.0020607	0.0012528	0.0008387	0.00047198	0.00028209	0.0001542	4.2816e-05	1.4753e-05	1.276e-05	5.4716e-06	1.3534e-06	5.0789e-07	-1.8913e-08	8.0662e-09	
13.363	5.2789	32.172	1.5399	1.1089	0.70627	0.47368	0.31886	0.25984	0.22454	0.21054	0.22171	0.25123	0.36749	0.82381	5.6687	6.0228	0.50619	0.18311	0.092045	0.058318	0.037711	0.028248	0.019131	0.011604	0.0082782	0.0045259	0.003249	0.0018827	0.0012022	0.00084027	0.00056399	0.00030358	0.00018917	0.00010004	3.3355e-05	8.5661e-06	8.6786e-06	5.1737e-06	1.5875e-06	3.3727e-07	6.3506e-08	5.0106e-09	
7.7636	3.4165	1.5399	9.3004	0.76644	0.51316	0.33487	0.2151	0.17185	0.14242	0.12984	0.13173	0.14376	0.19996	0.43496	2.9332	3.0868	0.26257	0.095467	0.051077	0.031493	0.021198	0.015349	0.010311	0.0062511	0.0038799	0.0018624	0.0010775	0.00050908	0.00031014	0.00016995	0.0001035	5.0913e-05	3.1498e-05	1.9428e-05	2.8123e-06	2.0543e-07	-1.4489e-07	-1.3978e-07	-1.9769e-07	1.5256e-07	-1.077e-07	-8.9431e-10	
5.2079	2.327	1.1089	0.76644	1.7705	0.36573	0.24139	0.15214	0.11978	0.098872	0.087937	0.088887	0.093726	0.12846	0.27425	1.8273	1.9185	0.16354	0.059796	0.032389	0.020175	0.013546	0.0097733	0.0066897	0.0038258	0.0022595	0.00091985	0.0004409	0.00013794	6.7628e-05	8.811e-06	-1.3371e-05	-6.8169e-06	-1.2845e-06	-3.0523e-06	-3.6451e-06	-3.2922e-06	-1.2775e-06	-1.2162e-06	-9.8343e-08	2.0224e-08	-8.1717e-08	-2.0317e-09	
3.3656	1.5084	0.70627	0.51316	0.36573	0.37054	0.15431	0.099709	0.078632	0.064217	0.057687	0.05787	0.061247	0.083224	0.17825	1.184	1.2399	0.10655	0.039057	0.020974	0.013153	0.008799	0.0063561	0.0043445	0.0024745	0.0015159	0.0006081	0.00028387	9.0033e-05	3.5393e-05	5.5426e-06	-8.4784e-06	-3.8796e-06	-2.03e-06	-7.9443e-07	-3.0819e-06	-1.8062e-06	-9.633e-07	-8.0619e-07	-1.7175e-07	2.0469e-08	-5.245e-08	-3.6726e-10	
2.2404	0.99821	0.47368	0.33487	0.24139	0.15431	0.15161	0.063917	0.052165	0.043262	0.03898	0.0397	0.042709	0.058606	0.12625	0.84075	0.88526	0.075622	0.027777	0.014914	0.0093823	0.0062266	0.0045872	0.0030789	0.0018129	0.0011696	0.00051714	0.00029402	0.00013526	7.7338e-05	4.3891e-05	1.7271e-05	9.9689e-06	6.5871e-06	3.7209e-06	2.8197e-07	-7.0646e-07	-1.1829e-07	-1.8989e-07	-6.1588e-08	1.6195e-08	-3.4773e-08	-8.5489e-11	
1.488	0.66033	0.31886	0.2151	0.15214	0.099709	0.063917	0.07152	0.033004	0.028802	0.026286	0.027093	0.029806	0.041754	0.090767	0.6087	0.63975	0.05471	0.020065	0.010699	0.00667	0.0045388	0.0032438	0.00223	0.0013756	0.00090449	0.00045987	0.00029369	0.00015525	9.8135e-05	6.0677e-05	3.7258e-05	2.1717e-05	1.1721e-05	6.129e-06	1.5856e-06	3.7611e-07	4.092e-07	1.7926e-07	4.4765e-08	2.6601e-08	7.5656e-10	2.3603e-10	
1.2132	0.53685	0.25984	0.17185	0.11978	0.078632	0.052165	0.033004	0.050859	0.021786	0.021934	0.022536	0.025079	0.035467	0.077247	0.51992	0.54713	0.046792	0.01702	0.0091336	0.005697	0.0038143	0.0028021	0.0019207	0.0012051	0.00081224	0.0004222	0.00027301	0.00016145	0.00010123	6.5836e-05	4.0571e-05	2.2382e-05	1.3149e-05	7.455e-06	1.8559e-06	6.5446e-07	6.0047e-07	2.8146e-07	7.7846e-08	2.1369e-08	-2.7341e-12	3.4317e-10	
1.0275	0.45484	0.22454	0.14242	0.098872	0.064217	0.043262	0.028802	0.021786	0.040625	0.016286	0.019913	0.021879	0.031	0.068438	0.46163	0.48676	0.041567	0.015245	0.0080645	0.0050689	0.0033927	0.0024409	0.00172	0.0010415	0.00074749	0.00039888	0.00027478	0.00016263	0.00010094	6.8709e-05	4.4735e-05	2.394e-05	1.421e-05	7.1961e-06	2.8108e-06	7.0569e-07	8.4487e-07	2.344e-07	8.6385e-08	1.8585e-08	5.0581e-09	3.6796e-10	
0.9726	0.42553	0.21054	0.12984	0.087937	0.057687	0.03898	0.026286	0.021934	0.016286	0.03989	0.016365	0.021832	0.031157	0.068798	0.46459	0.49126	0.041719	0.01521	0.0080583	0.0050608	0.003434	0.0024641	0.0017374	0.0011022	0.0008019	0.00045384	0.00031751	0.00019729	0.00012552	8.3419e-05	5.8214e-05	3.0678e-05	1.8295e-05	1.0175e-05	3.2522e-06	1.2465e-06	9.9823e-07	4.7637e-07	1.0587e-07	2.7327e-08	1.4607e-08	9.7801e-10	
1.0047	0.44256	0.22171	0.13173	0.088887	0.05787	0.0397	0.027093	0.022536	0.019913	0.016365	0.047088	0.020246	0.033918	0.075211	0.51018	0.53836	0.045941	0.016777	0.0088773	0.0055385	0.0037135	0.0027388	0.0019007	0.0012238	0.00091303	0.00053232	0.00037635	0.00024005	0.00015072	0.00010916	7.0932e-05	3.905e-05	2.3102e-05	1.1784e-05	4.934e-06	1.5686e-06	1.2884e-06	7.816e-07	1.5829e-07	3.0446e-08	1.7844e-08	6.5398e-10	
1.1341	0.49397	0.25123	0.14376	0.093726	0.061247	0.042709	0.029806	0.025079	0.021879	0.021832	0.020246	0.065493	0.036403	0.090255	0.61088	0.64747	0.055057	0.019975	0.010605	0.0066536	0.0044552	0.0032684	0.0022833	0.0015002	0.0011218	0.00068499	0.00049571	0.00032446	0.00020492	0.00014408	9.9755e-05	5.479e-05	3.0763e-05	1.7456e-05	6.0243e-06	2.4346e-06	1.7873e-06	9.6724e-07	1.9264e-07	4.7653e-08	2.6534e-08	6.5452e-10	
1.6528	0.71248	0.36749	0.19996	0.12846	0.083224	0.058606	0.041754	0.035467	0.031	0.031157	0.033918	0.036403	0.13554	0.12678	0.92006	0.97318	0.082676	0.03	0.015821	0.0099792	0.0066031	0.0049204	0.0034199	0.0022413	0.001759	0.0010404	0.00078251	0.00050697	0.00032348	0.00023691	0.00015913	8.6399e-05	5.2493e-05	2.635e-05	9.9207e-06	3.9758e-06	2.9167e-06	1.6522e-06	3.8035e-07	7.884e-08	4.6482e-08	1.791e-09	
3.6477	1.5653	0.82381	0.43496	0.27425	0.17825	0.12625	0.090767	0.077247	0.068438	0.068798	0.075211	0.090255	0.12678	0.62646	2.0454	2.2124	0.18753	0.067899	0.03593	0.022334	0.015145	0.01098	0.0077864	0.0050918	0.0039563	0.0024268	0.0017684	0.0011942	0.0007428	0.0005339	0.00037009	0.00020166	0.00011658	6.1361e-05	2.3387e-05	9.4171e-06	6.9881e-06	3.9631e-06	8.133e-07	1.7688e-07	1.2821e-07	4.2562e-09	
25.101	10.775	5.6687	2.9332	1.8273	1.184	0.84075	0.6087	0.51992	0.46163	0.46459	0.51018	0.61088	0.92006	2.0454	27.379	14.98	1.3033	0.46843	0.24526	0.15436	0.10262	0.075349	0.053345	0.035105	0.027042	0.016663	0.012247	0.0081514	0.0051298	0.0037195	0.0025377	0.0013891	0.00081449	0.00043116	0.00016116	6.4463e-05	4.8009e-05	2.5499e-05	5.9491e-06	1.2095e-06	8.2876e-07	2.4964e-08	
26.582	11.362	6.0228	3.0868	1.9185	1.2399	0.88526	0.63975	0.54713	0.48676	0.49126	0.53836	0.64747	0.97318	2.2124	14.98	31.013	1.3459	0.49981	0.26108	0.16226	0.10943	0.080215	0.056214	0.036981	0.028778	0.017587	0.013033	0.0086854	0.0054595	0.003932	0.0027153	0.001481	0.00086512	0.00045778	0.00017057	6.8851e-05	5.1084e-05	2.8078e-05	6.2258e-06	1.3104e-06	9.0393e-07	2.8025e-08	
2.2425	0.95945	0.50619	0.26257	0.16354	0.10655	0.075622	0.05471	0.046792	0.041567	0.041719	0.045941	0.055057	0.082676	0.18753	1.3033	1.3459	0.23233	0.038241	0.023065	0.01402	0.0093246	0.0068899	0.0048674	0.0032265	0.0024684	0.0015137	0.0011135	0.00074872	0.00046462	0.00034091	0.00022818	0.00012738	7.2633e-05	3.9738e-05	1.4651e-05	5.4756e-06	4.4529e-06	2.3408e-06	5.6474e-07	1.0164e-07	8.0802e-08	2.215e-09	
0.80837	0.34601	0.18311	0.095467	0.059796	0.039057	0.027777	0.020065	0.01702	0.015245	0.01521	0.016777	0.019975	0.03	0.067899	0.46843	0.49981	0.038241	0.032876	0.0060435	0.0054788	0.0034792	0.0025168	0.0018205	0.0011813	0.00091823	0.00056647	0.00040329	0.00027258	0.00017181	0.00012308	8.4769e-05	4.5804e-05	2.7115e-05	1.4628e-05	5.1072e-06	2.2703e-06	1.5923e-06	8.9346e-07	1.9111e-07	4.053e-08	2.7487e-08	1.0082e-09	
0.41552	0.18121	0.092045	0.051077	0.032389	0.020974	0.014914	0.010699	0.0091336	0.0080645	0.0080583	0.0088773	0.010605	0.015821	0.03593	0.24526	0.26108	0.023065	0.0060435	0.011098	0.0015076	0.0020634	0.0013811	0.0009501	0.00065954	0.00049162	0.00029932	0.00022184	0.00014939	9.1987e-05	6.4539e-05	4.4827e-05	2.4054e-05	1.3618e-05	7.2273e-06	3.0423e-06	1.0391e-06	7.2897e-07	4.4301e-07	9.1214e-08	2.542e-08	1.5073e-08	6.5941e-10	
0.25897	0.11236	0.058318	0.031493	0.020175	0.013153	0.0093823	0.00667	0.005697	0.0050689	0.0050608	0.0055385	0.0066536	0.0099792	0.022334	0.15436	0.16226	0.01402	0.0054788	0.0015076	0.0046499	0.00055776	0.00098372	0.00062803	0.00040653	0.00032222	0.00019129	0.00013722	8.9138e-05	5.6165e-05	4.1674e-05	2.8108e-05	1.4864e-05	9.0559e-06	4.6206e-06	1.6814e-06	6.8522e-07	5.6166e-07	2.8459e-07	5.6975e-08	9.3272e-09	1.0975e-08	5.9069e-11	
0.17274	0.075613	0.037711	0.021198	0.013546	0.008799	0.0062266	0.0045388	0.0038143	0.0033927	0.003434	0.0037135	0.0044552	0.0066031	0.015145	0.10262	0.10943	0.0093246	0.0034792	0.0020634	0.00055776	0.0022501	0.00026307	0.0004661	0.0002755	0.00022106	0.00012765	9.5688e-05	6.249e-05	4.0266e-05	2.7088e-05	1.9716e-05	1.005e-05	6.0275e-06	3.1166e-06	1.2491e-06	4.8223e-07	3.4231e-07	1.8545e-07	5.2579e-08	9.2549e-09	6.9012e-09	1.3853e-10	
0.12713	0.053613	0.028248	0.015349	0.0097733	0.0063561	0.0045872	0.0032438	0.0028021	0.0024409	0.0024641	0.0027388	0.0032684	0.0049204	0.01098	0.075349	0.080215	0.0068899	0.0025168	0.0013811	0.00098372	0.00026307	0.0012528	0.00015114	0.00024176	0.00015964	9.7472e-05	7.1523e-05	4.7007e-05	2.7453e-05	2.2147e-05	1.37e-05	8.0965e-06	4.3564e-06	2.3625e-06	8.5698e-07	3.638e-07	2.8143e-07	1.5973e-07	2.2065e-08	6.8469e-09	4.741e-09	1.8537e-10	
0.085612	0.037604	0.019131	0.010311	0.0066897	0.0043445	0.0030789	0.00223	0.0019207	0.00172	0.0017374	0.0019007	0.0022833	0.0034199	0.0077864	0.053345	0.056214	0.0048674	0.0018205	0.0009501	0.00062803	0.0004661	0.00015114	0.00068983	7.3523e-05	0.00013282	7.141e-05	5.093e-05	3.4744e-05	2.1646e-05	1.5442e-05	1.0148e-05	5.5898e-06	3.2617e-06	1.7235e-06	6.7439e-07	2.5349e-07	2.0511e-07	1.193e-07	2.9985e-08	4.1298e-09	3.2898e-09	1.0199e-10	
0.052618	0.022804	0.011604	0.0062511	0.0038258	0.0024745	0.0018129	0.0013756	0.0012051	0.0010415	0.0011022	0.0012238	0.0015002	0.0022413	0.0050918	0.035105	0.036981	0.0032265	0.0011813	0.00065954	0.00040653	0.0002755	0.00024176	7.3523e-05	0.00037165	3.5365e-05	5.8392e-05	3.5655e-05	2.4638e-05	1.5592e-05	1.1157e-05	7.6603e-06	4.2366e-06	2.3638e-06	1.2666e-06	4.8262e-07	2.0687e-07	1.4414e-07	8.277e-08	1.6763e-08	2.1949e-09	3.7209e-09	7.8786e-11	
0.036207	0.015912	0.0082782	0.0038799	0.0022595	0.0015159	0.0011696	0.00090449	0.00081224	0.00074749	0.0008019	0.00091303	0.0011218	0.001759	0.0039563	0.027042	0.028778	0.0024684	0.00091823	0.00049162	0.00032222	0.00022106	0.00015964	0.00013282	3.5365e-05	0.000257	1.4108e-05	3.6539e-05	2.1797e-05	1.3164e-05	1.0441e-05	7.0155e-06	3.7593e-06	2.2085e-06	1.1442e-06	4.055e-07	1.8468e-07	1.2499e-07	8.5769e-08	1.5869e-08	2.068e-09	2.7248e-09	5.7917e-11	
0.019577	0.0080282	0.0045259	0.0018624	0.00091985	0.0006081	0.00051714	0.00045987	0.0004222	0.00039888	0.00045384	0.00053232	0.00068499	0.0010404	0.0024268	0.016663	0.017587	0.0015137	0.00056647	0.00029932	0.00019129	0.00012765	9.7472e-05	7.141e-05	5.8392e-05	1.4108e-05	0.00012486	3.4103e-06	1.7349e-05	8.9729e-06	6.9282e-06	4.7543e-06	2.6154e-06	1.557e-06	8.1041e-07	3.416e-07	1.3483e-07	1.0573e-07	5.5378e-08	1.2596e-08	2.0568e-09	2.0296e-09	4.7176e-11	
0.012716	0.0053722	0.003249	0.0010775	0.0004409	0.00028387	0.00029402	0.00029369	0.00027301	0.00027478	0.00031751	0.00037635	0.00049571	0.00078251	0.0017684	0.012247	0.013033	0.0011135	0.00040329	0.00022184	0.00013722	9.5688e-05	7.1523e-05	5.093e-05	3.5655e-05	3.6539e-05	3.4103e-06	8.2383e-05	2.4867e-06	8.3186e-06	5.4975e-06	3.9644e-06	2.1667e-06	1.2069e-06	6.7618e-07	2.5281e-07	1.2045e-07	7.5934e-08	4.3122e-08	7.6859e-09	1.8668e-09	1.7345e-09	4.1373e-11	
0.0077999	0.0032197	0.0018827	0.00050908	0.00013794	9.0033e-05	0.00013526	0.00015525	0.00016145	0.00016263	0.00019729	0.00024005	0.00032446	0.00050697	0.0011942	0.0081514	0.0086854	0.00074872	0.00027258	0.00014939	8.9138e-05	6.249e-05	4.7007e-05	3.4744e-05	2.4638e-05	2.1797e-05	1.7349e-05	2.4867e-06	4.1036e-05	1.2944e-06	4.3999e-06	2.7341e-06	1.4882e-06	8.9493e-07	4.8014e-07	1.9409e-07	7.8762e-08	5.8559e-08	3.5994e-08	5.3629e-09	1.4953e-09	1.0554e-09	2.3879e-11	
0.0049725	0.0020607	0.0012022	0.00031014	6.7628e-05	3.5393e-05	7.7338e-05	9.8135e-05	0.00010123	0.00010094	0.00012552	0.00015072	0.00020492	0.00032348	0.0007428	0.0051298	0.0054595	0.00046462	0.00017181	9.1987e-05	5.6165e-05	4.0266e-05	2.7453e-05	2.1646e-05	1.5592e-05	1.3164e-05	8.9729e-06	8.3186e-06	1.2944e-06	1.9811e-05	8.5363e-07	1.9648e-06	9.9988e-07	5.5081e-07	2.9551e-07	1.195e-07	6.2083e-08	4.0501e-08	1.8125e-08	5.9611e-09	6.8387e-10	8.4315e-10	2.8142e-11	
0.0033079	0.0012528	0.00084027	0.00016995	8.811e-06	5.5426e-06	4.3891e-05	6.0677e-05	6.5836e-05	6.8709e-05	8.3419e-05	0.00010916	0.00014408	0.00023691	0.0005339	0.0037195	0.003932	0.00034091	0.00012308	6.4539e-05	4.1674e-05	2.7088e-05	2.2147e-05	1.5442e-05	1.1157e-05	1.0441e-05	6.9282e-06	5.4975e-06	4.3999e-06	8.5363e-07	1.1169e-05	6.5486e-07	7.6178e-07	4.2217e-07	2.3122e-07	8.8403e-08	3.8667e-08	2.6348e-08	1.6349e-08	3.4618e-09	7.1258e-10	5.9926e-10	1.559e-11	
0.0021432	0.0008387	0.00056399	0.0001035	-1.3371e-05	-8.4784e-06	1.7271e-05	3.7258e-05	4.0571e-05	4.4735e-05	5.8214e-05	7.0932e-05	9.9755e-05	0.00015913	0.00037009	0.0025377	0.0027153	0.00022818	8.4769e-05	4.4827e-05	2.8108e-05	1.9716e-05	1.37e-05	1.0148e-05	7.6603e-06	7.0155e-06	4.7543e-06	3.9644e-06	2.7341e-06	1.9648e-06	6.5486e-07	6.2636e-06	1.5559e-07	3.173e-07	1.4996e-07	6.5129e-08	2.63e-08	2.2673e-08	1.0749e-08	2.0608e-09	3.1396e-10	3.895e-10	-3.2057e-12	
0.0012284	0.00047198	0.00030358	5.0913e-05	-6.8169e-06	-3.8796e-06	9.9689e-06	2.1717e-05	2.2382e-05	2.394e-05	3.0678e-05	3.905e-05	5.479e-05	8.6399e-05	0.00020166	0.0013891	0.001481	0.00012738	4.5804e-05	2.4054e-05	1.4864e-05	1.005e-05	8.0965e-06	5.5898e-06	4.2366e-06	3.7593e-06	2.6154e-06	2.1667e-06	1.4882e-06	9.9988e-07	7.6178e-07	1.5559e-07	2.2631e-06	5.0325e-08	9.423e-08	3.1416e-08	1.5629e-08	1.082e-08	6.9029e-09	1.5893e-09	2.1149e-10	2.6864e-10	7.6823e-12	
0.00071755	0.00028209	0.00018917	3.1498e-05	-1.2845e-06	-2.03e-06	6.5871e-06	1.1721e-05	1.3149e-05	1.421e-05	1.8295e-05	2.3102e-05	3.0763e-05	5.2493e-05	0.00011658	0.00081449	0.00086512	7.2633e-05	2.7115e-05	1.3618e-05	9.0559e-06	6.0275e-06	4.3564e-06	3.2617e-06	2.3638e-06	2.2085e-06	1.557e-06	1.2069e-06	8.9493e-07	5.5081e-07	4.2217e-07	3.173e-07	5.0325e-08	7.8731e-07	2.0896e-08	2.1717e-08	7.628e-09	6.7495e-09	3.495e-09	7.7088e-10	1.7952e-10	1.3964e-10	2.0132e-12	
0.00038905	0.0001542	0.00010004	1.9428e-05	-3.0523e-06	-7.9443e-07	3.7209e-06	6.129e-06	7.455e-06	7.1961e-06	1.0175e-05	1.1784e-05	1.7456e-05	2.635e-05	6.1361e-05	0.00043116	0.00045778	3.9738e-05	1.4628e-05	7.2273e-06	4.6206e-06	3.1166e-06	2.3625e-06	1.7235e-06	1.2666e-06	1.1442e-06	8.1041e-07	6.7618e-07	4.8014e-07	2.9551e-07	2.3122e-07	1.4996e-07	9.423e-08	2.0896e-08	2.5422e-07	-2.4029e-09	4.6954e-09	3.6297e-09	1.8856e-09	5.1488e-10	8.8639e-11	6.5909e-11	1.1517e-12	
0.00011905	4.2816e-05	3.3355e-05	2.8123e-06	-3.6451e-06	-3.0819e-06	2.8197e-07	1.5856e-06	1.8559e-06	2.8108e-06	3.2522e-06	4.934e-06	6.0243e-06	9.9207e-06	2.3387e-05	0.00016116	0.00017057	1.4651e-05	5.1072e-06	3.0423e-06	1.6814e-06	1.2491e-06	8.5698e-07	6.7439e-07	4.8262e-07	4.055e-07	3.416e-07	2.5281e-07	1.9409e-07	1.195e-07	8.8403e-08	6.5129e-08	3.1416e-08	2.1717e-08	-2.4029e-09	6.4997e-08	-4.2644e-09	1.443e-09	7.1618e-10	9.1404e-11	3.0699e-11	1.0816e-11	1.5258e-12	
3.9691e-05	1.4753e-05	8.5661e-06	2.0543e-07	-3.2922e-06	-1.8062e-06	-7.0646e-07	3.7611e-07	6.5446e-07	7.0569e-07	1.2465e-06	1.5686e-06	2.4346e-06	3.9758e-06	9.4171e-06	6.4463e-05	6.8851e-05	5.4756e-06	2.2703e-06	1.0391e-06	6.8522e-07	4.8223e-07	3.638e-07	2.5349e-07	2.0687e-07	1.8468e-07	1.3483e-07	1.2045e-07	7.8762e-08	6.2083e-08	3.8667e-08	2.63e-08	1.5629e-08	7.628e-09	4.6954e-09	-4.2644e-09	2.0482e-08	-1.4743e-09	4.4914e-10	1.774e-11	5.2318e-12	4.6974e-12	3.1511e-13	
3.3127e-05	1.276e-05	8.6786e-06	-1.4489e-07	-1.2775e-06	-9.633e-07	-1.1829e-07	4.092e-07	6.0047e-07	8.4487e-07	9.9823e-07	1.2884e-06	1.7873e-06	2.9167e-06	6.9881e-06	4.8009e-05	5.1084e-05	4.4529e-06	1.5923e-06	7.2897e-07	5.6166e-07	3.4231e-07	2.8143e-07	2.0511e-07	1.4414e-07	1.2499e-07	1.0573e-07	7.5934e-08	5.8559e-08	4.0501e-08	2.6348e-08	2.2673e-08	1.082e-08	6.7495e-09	3.6297e-09	1.443e-09	-1.4743e-09	7.9829e-09	-8.188e-10	7.7038e-11	1.3469e-11	5.1438e-13	6.704e-13	
1.6155e-05	5.4716e-06	5.1737e-06	-1.3978e-07	-1.2162e-06	-8.0619e-07	-1.8989e-07	1.7926e-07	2.8146e-07	2.344e-07	4.7637e-07	7.816e-07	9.6724e-07	1.6522e-06	3.9631e-06	2.5499e-05	2.8078e-05	2.3408e-06	8.9346e-07	4.4301e-07	2.8459e-07	1.8545e-07	1.5973e-07	1.193e-07	8.277e-08	8.5769e-08	5.5378e-08	4.3122e-08	3.5994e-08	1.8125e-08	1.6349e-08	1.0749e-08	6.9029e-09	3.495e-09	1.8856e-09	7.1618e-10	4.4914e-10	-8.188e-10	3.5431e-09	-2.0932e-10	7.5558e-12	8.8031e-12	-1.6271e-14	
1.4431e-06	1.3534e-06	1.5875e-06	-1.9769e-07	-9.8343e-08	-1.7175e-07	-6.1588e-08	4.4765e-08	7.7846e-08	8.6385e-08	1.0587e-07	1.5829e-07	1.9264e-07	3.8035e-07	8.133e-07	5.9491e-06	6.2258e-06	5.6474e-07	1.9111e-07	9.1214e-08	5.6975e-08	5.2579e-08	2.2065e-08	2.9985e-08	1.6763e-08	1.5869e-08	1.2596e-08	7.6859e-09	5.3629e-09	5.9611e-09	3.4618e-09	2.0608e-09	1.5893e-09	7.7088e-10	5.1488e-10	9.1404e-11	1.774e-11	7.7038e-11	-2.0932e-10	6.572e-10	-2.3022e-11	3.3562e-12	-7.4542e-14	
1.8173e-06	5.0789e-07	3.3727e-07	1.5256e-07	2.0224e-08	2.0469e-08	1.6195e-08	2.6601e-08	2.1369e-08	1.8585e-08	2.7327e-08	3.0446e-08	4.7653e-08	7.884e-08	1.7688e-07	1.2095e-06	1.3104e-06	1.0164e-07	4.053e-08	2.542e-08	9.3272e-09	9.2549e-09	6.8469e-09	4.1298e-09	2.1949e-09	2.068e-09	2.0568e-09	1.8668e-09	1.4953e-09	6.8387e-10	7.1258e-10	3.1396e-10	2.1149e-10	1.7952e-10	8.8639e-11	3.0699e-11	5.2318e-12	1.3469e-11	7.5558e-12	-2.3022e-11	4.4979e-11	-2.0966e-12	4.1849e-14	
4.1344e-07	-1.8913e-08	6.3506e-08	-1.077e-07	-8.1717e-08	-5.245e-08	-3.4773e-08	7.5656e-10	-2.7341e-12	5.0581e-09	1.4607e-08	1.7844e-08	2.6534e-08	4.6482e-08	1.2821e-07	8.2876e-07	9.0393e-07	8.0802e-08	2.7487e-08	1.5073e-08	1.0975e-08	6.9012e-09	4.741e-09	3.2898e-09	3.7209e-09	2.7248e-09	2.0296e-09	1.7345e-09	1.0554e-09	8.4315e-10	5.9926e-10	3.895e-10	2.6864e-10	1.3964e-10	6.5909e-11	1.0816e-11	4.6974e-12	5.1438e-13	8.8031e-12	3.3562e-12	-2.0966e-12	1.7562e-11	-4.0849e-14	
3.1586e-08	8.0662e-09	5.0106e-09	-8.9431e-10	-2.0317e-09	-3.6726e-10	-8.5489e-11	2.3603e-10	3.4317e-10	3.6796e-10	9.7801e-10	6.5398e-10	6.5452e-10	1.791e-09	4.2562e-09	2.4964e-08	2.8025e-08	2.215e-09	1.0082e-09	6.5941e-10	5.9069e-11	1.3853e-10	1.8537e-10	1.0199e-10	7.8786e-11	5.7917e-11	4.7176e-11	4.1373e-11	2.3879e-11	2.8142e-11	1.559e-11	-3.2057e-12	7.6823e-12	2.0132e-12	1.1517e-12	1.5258e-12	3.1511e-13	6.704e-13	-1.6271e-14	-7.4542e-14	4.1849e-14	-4.0849e-14	1.3229e-13	
