1.000000000000  0.771441698074  0.698377430439  0.470446109772  0.235730156302  0.135500997305  0.023962540552
0.771441698074  1.000000000000  0.728683710098  0.490636169910  0.257601708174  0.143674910069  0.023399809375
0.698377430439  0.728683710098  1.000000000000  0.524034738541  0.272780925035  0.151878938079  0.033453177661
0.470446109772  0.490636169910  0.524034738541  0.999999940395  0.463345497847  0.285900026560  0.101109012961
0.235730156302  0.257601708174  0.272780925035  0.463345497847  1.000000000000  0.564261615276  0.305788159370
0.135500997305  0.143674910069  0.151878938079  0.285900026560  0.564261615276  1.000000119209  0.455123543739
0.023962540552  0.023399809375  0.033453177661  0.101109012961  0.305788159370  0.455123543739  1.000000000000
