Statistical covariance matrix for measured double-differential dijet cross-sections for the range 0.5 <= y* < 1.0 and jet radius parameter R = 0.4
ABS(YRAP(JET1)) : < 3.0
ABS(YRAP(JET2)) : < 3.0
PT(JET1) IN GEV : > 100
PT(JET2) IN GEV : > 50
R : 0.4
RE : P P --> JET JET X
SQRT(S) : 7000.0 GeV
YRAP* : 0.5 - 1.0
x : M(2JET) IN TEV
y : M(2JET) IN TEV
z : cov(x,y) IN PB**+2*TEV**-2
xlow-xhigh
0.31-0.37 4.23e+07 -1.20e+06 -5.09e+05 -4.48e+04 -1.06e+04 5.68e+03 -1.25e+02 -6.07e+02 -3.85e+02 3.53e+02 5.81e+01 3.94e+01 -3.52e+01 -1.04e+01 -5.42e+00 -1.41e+01 2.15e+00 1.57e-01 1.31e+00 -1.36e-01 -9.12e-02 
0.37-0.44 -1.20e+06 5.30e+06 -1.03e+05 -6.51e+04 2.71e+03 -6.35e+02 -1.05e+03 6.80e+01 1.48e+02 -2.52e+02 -2.33e+01 1.57e+01 5.04e+00 -6.20e+00 5.54e+00 -5.80e+00 -1.83e+00 -1.20e-01 -2.76e-01 8.88e-02 -7.44e-02 
0.44-0.51 -5.09e+05 -1.03e+05 9.46e+05 -5.08e+04 -1.65e+04 -1.59e+03 3.58e+02 -1.16e+02 8.04e+01 3.07e+01 -1.86e+01 -5.91e+00 4.31e+00 4.71e+00 -1.71e+00 -8.99e-01 -5.27e-01 -2.22e-01 4.74e-02 -2.50e-02 9.00e-03 
0.51-0.59 -4.48e+04 -6.51e+04 -5.08e+04 1.73e+05 -6.53e+03 -2.79e+03 -9.65e+01 1.89e+01 1.24e+01 -3.28e-01 -7.74e+00 -1.49e+00 4.41e-01 2.68e-01 -1.46e+00 -8.32e-02 4.45e-01 2.74e-02 -6.48e-02 -9.45e-02 1.61e-02 
0.59-0.67 -1.06e+04 2.71e+03 -1.65e+04 -6.53e+03 3.51e+04 -1.38e+03 -6.13e+02 1.33e+01 6.30e+00 5.06e-01 -4.44e+00 -6.34e-01 8.09e-01 3.61e-01 2.47e-02 -1.37e-01 -4.13e-02 1.04e-01 -8.82e-02 3.67e-02 7.46e-03 
0.67-0.76 5.68e+03 -6.35e+02 -1.59e+03 -2.79e+03 -1.38e+03 5.78e+03 -2.94e+02 -1.29e+02 -8.14e+00 1.83e+00 -1.20e+00 -2.80e-01 -1.50e-01 2.29e-01 -4.90e-02 -1.12e-02 -8.00e-02 4.14e-02 -1.69e-02 2.72e-03 -2.02e-03 
0.76-0.85 -1.25e+02 -1.05e+03 3.58e+02 -9.65e+01 -6.13e+02 -2.94e+02 1.17e+03 -3.51e+01 -2.08e+01 -1.19e+00 2.58e-01 -4.66e-01 3.89e-02 5.46e-02 7.62e-02 7.53e-03 5.73e-02 -7.35e-03 -2.00e-02 4.51e-03 -4.27e-04 
0.85-0.95 -6.07e+02 6.80e+01 -1.16e+02 1.89e+01 1.33e+01 -1.29e+02 -3.51e+01 2.12e+02 -1.41e+01 -4.30e+00 -4.30e-01 1.56e-01 -9.53e-02 -1.51e-01 6.51e-02 3.64e-02 -1.23e-02 -3.65e-03 6.33e-04 3.51e-03 -2.70e-04 
0.95-1.06 -3.85e+02 1.48e+02 8.04e+01 1.24e+01 6.30e+00 -8.14e+00 -2.08e+01 -1.41e+01 5.07e+01 -3.28e+00 -9.31e-01 -1.08e-02 -7.45e-02 1.84e-02 -3.30e-03 -3.08e-03 -6.24e-03 3.98e-04 2.47e-03 1.53e-03 5.48e-04 
1.06-1.18 3.53e+02 -2.52e+02 3.07e+01 -3.28e-01 5.06e-01 1.83e+00 -1.19e+00 -4.30e+00 -3.28e+00 1.28e+01 -7.89e-01 -2.55e-01 -1.89e-03 -1.70e-02 -5.30e-03 -2.27e-03 -3.84e-03 -1.65e-04 1.21e-03 -1.11e-04 -1.69e-04 
1.18-1.31 5.81e+01 -2.33e+01 -1.86e+01 -7.74e+00 -4.44e+00 -1.20e+00 2.58e-01 -4.30e-01 -9.31e-01 -7.89e-01 3.34e+00 -1.23e-01 -7.86e-02 -7.85e-03 -3.92e-03 1.05e-04 2.63e-03 -7.61e-04 8.72e-04 -8.78e-05 -4.01e-05 
1.31-1.45 3.94e+01 1.57e+01 -5.91e+00 -1.49e+00 -6.34e-01 -2.80e-01 -4.66e-01 1.56e-01 -1.08e-02 -2.55e-01 -1.23e-01 9.79e-01 -2.39e-02 -2.69e-02 -2.15e-03 -2.17e-03 3.94e-04 3.78e-04 -1.36e-04 3.05e-04 8.16e-06 
1.45-1.60 -3.52e+01 5.04e+00 4.31e+00 4.41e-01 8.09e-01 -1.50e-01 3.89e-02 -9.53e-02 -7.45e-02 -1.89e-03 -7.86e-02 -2.39e-02 3.09e-01 2.94e-03 -7.11e-03 -1.78e-03 -4.37e-05 -2.43e-05 1.29e-04 -3.22e-06 1.02e-05 
1.60-1.76 -1.04e+01 -6.20e+00 4.71e+00 2.68e-01 3.61e-01 2.29e-01 5.46e-02 -1.51e-01 1.84e-02 -1.70e-02 -7.85e-03 -2.69e-02 2.94e-03 1.13e-01 3.09e-03 -3.36e-03 -5.30e-05 -8.01e-05 -1.55e-05 2.81e-05 -2.93e-06 
1.76-1.94 -5.42e+00 5.54e+00 -1.71e+00 -1.46e+00 2.47e-02 -4.90e-02 7.62e-02 6.51e-02 -3.30e-03 -5.30e-03 -3.92e-03 -2.15e-03 -7.11e-03 3.09e-03 4.26e-02 1.72e-03 -1.15e-03 -1.77e-04 7.28e-05 2.21e-05 -2.72e-07 
1.94-2.12 -1.41e+01 -5.80e+00 -8.99e-01 -8.32e-02 -1.37e-01 -1.12e-02 7.53e-03 3.64e-02 -3.08e-03 -2.27e-03 1.05e-04 -2.17e-03 -1.78e-03 -3.36e-03 1.72e-03 1.82e-02 8.55e-04 -3.58e-04 -3.64e-05 3.03e-06 -3.26e-06 
2.12-2.33 2.15e+00 -1.83e+00 -5.27e-01 4.45e-01 -4.13e-02 -8.00e-02 5.73e-02 -1.23e-02 -6.24e-03 -3.84e-03 2.63e-03 3.94e-04 -4.37e-05 -5.30e-05 -1.15e-03 8.55e-04 6.91e-03 3.42e-04 -1.82e-04 -1.74e-05 -2.89e-06 
2.33-2.55 1.57e-01 -1.20e-01 -2.22e-01 2.74e-02 1.04e-01 4.14e-02 -7.35e-03 -3.65e-03 3.98e-04 -1.65e-04 -7.61e-04 3.78e-04 -2.43e-05 -8.01e-05 -1.77e-04 -3.58e-04 3.42e-04 2.30e-03 1.30e-04 -4.78e-05 -2.35e-06 
2.55-2.78 1.31e+00 -2.76e-01 4.74e-02 -6.48e-02 -8.82e-02 -1.69e-02 -2.00e-02 6.33e-04 2.47e-03 1.21e-03 8.72e-04 -1.36e-04 1.29e-04 -1.55e-05 7.28e-05 -3.64e-05 -1.82e-04 1.30e-04 1.03e-03 4.47e-05 -3.76e-06 
2.78-3.04 -1.36e-01 8.88e-02 -2.50e-02 -9.45e-02 3.67e-02 2.72e-03 4.51e-03 3.51e-03 1.53e-03 -1.11e-04 -8.78e-05 3.05e-04 -3.22e-06 2.81e-05 2.21e-05 3.03e-06 -1.74e-05 -4.78e-05 4.47e-05 3.40e-04 7.28e-07 
3.04-4.27 -9.12e-02 -7.44e-02 9.00e-03 1.61e-02 7.46e-03 -2.02e-03 -4.27e-04 -2.70e-04 5.48e-04 -1.69e-04 -4.01e-05 8.16e-06 1.02e-05 -2.93e-06 -2.72e-07 -3.26e-06 -2.89e-06 -2.35e-06 -3.76e-06 7.28e-07 8.36e-06 
