Statistical covariance matrix for measured double-differential dijet cross-sections for the range 1.5 <= y* < 2.0 and jet radius parameter R = 0.4
ABS(YRAP(JET1)) : < 3.0
ABS(YRAP(JET2)) : < 3.0
PT(JET1) IN GEV : > 100
PT(JET2) IN GEV : > 50
R : 0.4
RE : P P --> JET JET X
SQRT(S) : 7000.0 GeV
YRAP* : 1.5 - 2.0
x : M(2JET) IN TEV
y : M(2JET) IN TEV
z : cov(x,y) IN PB**+2*TEV**-2
xlow-xhigh
0.76-0.85 3.89e+05 2.84e+04 -1.10e+04 -8.69e+02 2.68e+02 -1.41e+02 -1.33e+02 -2.99e+01 -2.89e+00 5.99e+00 3.99e+00 -2.02e+00 -4.18e-01 1.64e-01 2.02e-01 4.62e-02 -2.05e-02 
0.85-0.95 2.84e+04 1.25e+05 8.58e+03 -2.94e+03 -4.09e+02 -2.19e+01 -2.57e+01 -2.08e+01 1.89e+00 3.82e+00 -9.18e-01 -8.75e-01 -4.61e-01 -2.54e-01 -8.36e-03 6.60e-02 -1.77e-02 
0.95-1.06 -1.10e+04 8.58e+03 3.15e+04 2.45e+03 -8.51e+02 -8.83e+01 -9.86e+00 -7.59e+00 1.65e+00 1.85e+00 -7.88e-01 -6.90e-02 2.22e-01 -9.00e-02 3.90e-02 4.91e-02 -8.21e-03 
1.06-1.18 -8.69e+02 -2.94e+03 2.45e+03 7.99e+03 5.97e+02 -1.83e+02 -2.98e+01 2.18e+00 -1.14e+00 -1.55e+00 -1.97e-01 -1.13e-01 -6.65e-02 -2.76e-02 4.39e-02 -1.72e-02 1.64e-03 
1.18-1.31 2.68e+02 -4.09e+02 -8.51e+02 5.97e+02 2.09e+03 1.51e+02 -5.29e+01 -1.34e+00 -3.96e-03 -9.06e-01 -1.47e-02 2.55e-01 2.49e-03 -2.54e-02 -9.57e-03 -5.26e-03 2.17e-04 
1.31-1.45 -1.41e+02 -2.19e+01 -8.83e+01 -1.83e+02 1.51e+02 4.31e+02 3.23e+01 -1.09e+01 -1.05e+00 3.82e-02 -3.45e-02 -2.85e-03 -5.63e-02 -8.00e-03 -5.37e-03 -6.97e-04 -3.57e-04 
1.45-1.60 -1.33e+02 -2.57e+01 -9.86e+00 -2.98e+01 -5.29e+01 3.23e+01 1.26e+02 1.04e+01 -2.93e+00 -3.25e-01 4.03e-02 3.93e-02 -5.04e-03 -1.30e-03 -4.77e-03 -5.46e-04 2.69e-05 
1.60-1.76 -2.99e+01 -2.08e+01 -7.59e+00 2.18e+00 -1.34e+00 -1.09e+01 1.04e+01 2.42e+01 1.57e+00 -5.12e-01 -3.48e-02 -5.77e-03 2.17e-03 -4.09e-03 4.94e-05 -1.74e-03 8.74e-06 
1.76-1.94 -2.89e+00 1.89e+00 1.65e+00 -1.14e+00 -3.96e-03 -1.05e+00 -2.93e+00 1.57e+00 4.61e+00 2.64e-01 -9.24e-02 -6.07e-03 -2.46e-04 4.06e-04 -7.68e-05 -4.49e-04 -1.95e-05 
1.94-2.12 5.99e+00 3.82e+00 1.85e+00 -1.55e+00 -9.06e-01 3.82e-02 -3.25e-01 -5.12e-01 2.64e-01 1.33e+00 7.55e-02 -2.32e-02 -1.45e-03 1.12e-03 6.17e-04 5.22e-05 1.18e-05 
2.12-2.33 3.99e+00 -9.18e-01 -7.88e-01 -1.97e-01 -1.47e-02 -3.45e-02 4.03e-02 -3.48e-02 -9.24e-02 7.55e-02 2.31e-01 1.13e-02 -5.11e-03 -2.87e-04 3.10e-04 7.31e-05 6.98e-06 
2.33-2.55 -2.02e+00 -8.75e-01 -6.90e-02 -1.13e-01 2.55e-01 -2.85e-03 3.93e-02 -5.77e-03 -6.07e-03 -2.32e-02 1.13e-02 4.67e-02 3.38e-03 -1.02e-03 -5.68e-05 7.86e-05 7.49e-06 
2.55-2.78 -4.18e-01 -4.61e-01 2.22e-01 -6.65e-02 2.49e-03 -5.63e-02 -5.04e-03 2.17e-03 -2.46e-04 -1.45e-03 -5.11e-03 3.38e-03 1.35e-02 6.67e-04 -2.74e-04 -8.66e-07 6.41e-07 
2.78-3.04 1.64e-01 -2.54e-01 -9.00e-02 -2.76e-02 -2.54e-02 -8.00e-03 -1.30e-03 -4.09e-03 4.06e-04 1.12e-03 -2.87e-04 -1.02e-03 6.67e-04 3.54e-03 1.74e-04 -7.33e-05 -1.39e-06 
3.04-3.31 2.02e-01 -8.36e-03 3.90e-02 4.39e-02 -9.57e-03 -5.37e-03 -4.77e-03 4.94e-05 -7.68e-05 6.17e-04 3.10e-04 -5.68e-05 -2.74e-04 1.74e-04 1.08e-03 3.43e-05 -4.14e-06 
3.31-3.61 4.62e-02 6.60e-02 4.91e-02 -1.72e-02 -5.26e-03 -6.97e-04 -5.46e-04 -1.74e-03 -4.49e-04 5.22e-05 7.31e-05 7.86e-05 -8.66e-07 -7.33e-05 3.43e-05 2.85e-04 2.01e-06 
3.61-4.64 -2.05e-02 -1.77e-02 -8.21e-03 1.64e-03 2.17e-04 -3.57e-04 2.69e-05 8.74e-06 -1.95e-05 1.18e-05 6.98e-06 7.49e-06 6.41e-07 -1.39e-06 -4.14e-06 2.01e-06 7.69e-06 
