ID: 718
PTO: 1
FNS: FONLL-B
DAMP: 0
IC: 1
ModEv: TRN
XIR: 2.0
XIF: 1.0
NfFF: 5
MaxNfAs: 5
MaxNfPdf: 5
Q0: 1.65
alphas: 0.118
Qref: 91.2
QED: 0
alphaqed: 0.007496252
Qedref: 1.777
SxRes: 0
SxOrd: LL
HQ: POLE
mc: 1.51
Qmc: 1.51
kcThr: 1.0
mb: 4.92
Qmb: 4.92
kbThr: 1.0
mt: 172.5
Qmt: 172.5
ktThr: 1.0
CKM:
- 0.97428
- 0.2253
- 0.00347
- 0.2252
- 0.97345
- 0.041
- 0.00862
- 0.0403
- 0.999152
MZ: 91.1876
MW: 80.398
GF: 1.1663787e-05
SIN2TW: 0.23126
TMC: 1
MP: 0.938
Comments: NLO sv theory with xir,xif = (2.0,1.0)
global_nx: 0
EScaleVar: 1
