Statistical covariance matrix for measured double-differential dijet cross-sections for the range 0.0 <= y* < 0.5 and jet radius parameter R = 0.6
ABS(YRAP(JET1)) : < 3.0
ABS(YRAP(JET2)) : < 3.0
PT(JET1) IN GEV : > 100
PT(JET2) IN GEV : > 50
R : 0.6
RE : P P --> JET JET X
SQRT(S) : 7000.0 GeV
YRAP* : 0.0 - 0.5
x : M(2JET) IN TEV
y : M(2JET) IN TEV
z : cov(x,y) IN PB**+2*TEV**-2
xlow-xhigh
0.26-0.31 7.51e+07 -3.61e+05 -5.96e+05 7.41e+03 -5.52e+03 -4.86e+03 -2.96e+03 7.98e+02 5.07e+02 3.09e+02 -1.91e+02 8.52e+01 -4.88e+01 -3.31e+00 1.39e+01 1.62e+01 8.17e+00 -3.09e+00 2.49e+00 -8.63e-01 3.05e-01 
0.31-0.37 -3.61e+05 9.88e+06 -2.43e+05 -1.23e+05 2.06e+03 -2.98e+01 -2.09e+03 -1.67e+02 6.11e+02 -1.02e+02 -1.51e+01 -4.64e+01 9.96e-01 -9.44e+00 -1.44e+00 1.19e+00 -2.81e+00 1.15e+00 7.25e-01 -1.70e-01 1.52e-01 
0.37-0.44 -5.96e+05 -2.43e+05 1.50e+06 -4.43e+04 -1.52e+04 -9.94e+02 -1.78e+01 -1.67e+02 1.09e+02 3.69e+01 3.86e+00 -6.47e+00 -5.20e-02 -9.23e+00 6.10e+00 2.29e+00 -9.94e-01 -3.91e-01 8.92e-02 -5.97e-01 -2.61e-02 
0.44-0.51 7.41e+03 -1.23e+05 -4.43e+04 2.37e+05 -4.81e+03 -2.48e+03 -2.50e+02 2.19e+01 -1.78e+01 4.58e+01 -1.07e+01 2.72e+00 -3.31e+00 1.85e+00 -7.65e-01 6.75e-02 5.10e-03 1.27e-01 6.94e-02 -7.45e-02 -8.28e-03 
0.51-0.59 -5.52e+03 2.06e+03 -1.52e+04 -4.81e+03 4.06e+04 -2.02e+02 -6.77e+02 -7.03e+01 -1.92e+00 -2.68e+00 1.00e+01 1.83e+00 -7.57e-01 -2.35e+00 9.17e-02 -9.14e-02 2.44e-02 2.25e-02 5.40e-02 2.53e-02 4.96e-03 
0.59-0.67 -4.86e+03 -2.98e+01 -9.94e+02 -2.48e+03 -2.02e+02 5.04e+03 -1.40e+02 -8.19e+01 -7.39e+00 2.36e+00 -1.14e-01 -7.13e-02 -4.36e-01 -5.81e-02 -1.51e-01 8.34e-02 5.72e-02 -1.34e-02 8.66e-03 3.35e-02 -1.03e-03 
0.67-0.76 -2.96e+03 -2.09e+03 -1.78e+01 -2.50e+02 -6.77e+02 -1.40e+02 1.08e+03 -3.49e+01 -2.13e+01 -2.11e+00 -2.32e-01 -3.10e-01 -4.02e-02 -2.37e-02 1.50e-01 -2.53e-02 1.47e-02 1.09e-02 1.36e-02 -9.52e-03 -5.19e-05 
0.76-0.85 7.98e+02 -1.67e+02 -1.67e+02 2.19e+01 -7.03e+01 -8.19e+01 -3.49e+01 2.16e+02 -1.11e+01 -3.47e+00 -4.51e-01 -2.54e-01 1.17e-01 6.82e-02 4.95e-02 -7.45e-03 3.23e-03 6.83e-03 -4.79e-03 -3.20e-03 -6.52e-05 
0.85-0.95 5.07e+02 6.11e+02 1.09e+02 -1.78e+01 -1.92e+00 -7.39e+00 -2.13e+01 -1.11e+01 5.18e+01 -2.03e+00 -8.62e-01 9.28e-02 -5.62e-02 -3.22e-02 4.37e-03 6.43e-03 4.41e-03 1.70e-03 4.32e-03 2.12e-03 1.29e-04 
0.95-1.06 3.09e+02 -1.02e+02 3.69e+01 4.58e+01 -2.68e+00 2.36e+00 -2.11e+00 -3.47e+00 -2.03e+00 1.20e+01 -5.32e-01 -1.87e-01 -3.13e-02 -1.67e-02 8.54e-03 6.22e-04 3.39e-04 5.96e-04 2.58e-04 -3.01e-04 -7.50e-05 
1.06-1.18 -1.91e+02 -1.51e+01 3.86e+00 -1.07e+01 1.00e+01 -1.14e-01 -2.32e-01 -4.51e-01 -8.62e-01 -5.32e-01 2.80e+00 -5.30e-02 -6.37e-02 -8.96e-03 -5.56e-03 -1.42e-03 -3.34e-04 7.49e-04 6.48e-04 1.21e-04 6.05e-05 
1.18-1.31 8.52e+01 -4.64e+01 -6.47e+00 2.72e+00 1.83e+00 -7.13e-02 -3.10e-01 -2.54e-01 9.28e-02 -1.87e-01 -5.30e-02 8.20e-01 3.57e-03 -1.77e-02 -4.62e-03 -1.26e-03 7.69e-04 9.02e-05 -2.74e-04 4.13e-05 -3.85e-05 
1.31-1.45 -4.88e+01 9.96e-01 -5.20e-02 -3.31e+00 -7.57e-01 -4.36e-01 -4.02e-02 1.17e-01 -5.62e-02 -3.13e-02 -6.37e-02 3.57e-03 3.07e-01 4.73e-03 -5.95e-03 -4.68e-04 4.65e-05 -7.61e-04 1.38e-04 1.22e-05 2.44e-05 
1.45-1.60 -3.31e+00 -9.44e+00 -9.23e+00 1.85e+00 -2.35e+00 -5.81e-02 -2.37e-02 6.82e-02 -3.22e-02 -1.67e-02 -8.96e-03 -1.77e-02 4.73e-03 1.26e-01 6.36e-03 -3.46e-03 -6.56e-04 1.04e-04 3.76e-05 1.44e-04 -1.12e-05 
1.60-1.76 1.39e+01 -1.44e+00 6.10e+00 -7.65e-01 9.17e-02 -1.51e-01 1.50e-01 4.95e-02 4.37e-03 8.54e-03 -5.56e-03 -4.62e-03 -5.95e-03 6.36e-03 5.04e-02 2.89e-03 -1.54e-03 -1.25e-04 4.10e-05 -6.41e-06 7.10e-06 
1.76-1.94 1.62e+01 1.19e+00 2.29e+00 6.75e-02 -9.14e-02 8.34e-02 -2.53e-02 -7.45e-03 6.43e-03 6.22e-04 -1.42e-03 -1.26e-03 -4.68e-04 -3.46e-03 2.89e-03 2.07e-02 9.08e-04 -5.61e-04 -8.71e-06 4.36e-05 -2.57e-06 
1.94-2.12 8.17e+00 -2.81e+00 -9.94e-01 5.10e-03 2.44e-02 5.72e-02 1.47e-02 3.23e-03 4.41e-03 3.39e-04 -3.34e-04 7.69e-04 4.65e-05 -6.56e-04 -1.54e-03 9.08e-04 9.66e-03 4.55e-04 -2.23e-04 -6.48e-05 -3.53e-06 
2.12-2.33 -3.09e+00 1.15e+00 -3.91e-01 1.27e-01 2.25e-02 -1.34e-02 1.09e-02 6.83e-03 1.70e-03 5.96e-04 7.49e-04 9.02e-05 -7.61e-04 1.04e-04 -1.25e-04 -5.61e-04 4.55e-04 3.53e-03 1.96e-04 -1.04e-04 -1.04e-06 
2.33-2.55 2.49e+00 7.25e-01 8.92e-02 6.94e-02 5.40e-02 8.66e-03 1.36e-02 -4.79e-03 4.32e-03 2.58e-04 6.48e-04 -2.74e-04 1.38e-04 3.76e-05 4.10e-05 -8.71e-06 -2.23e-04 1.96e-04 1.50e-03 1.22e-04 -6.94e-06 
2.55-2.78 -8.63e-01 -1.70e-01 -5.97e-01 -7.45e-02 2.53e-02 3.35e-02 -9.52e-03 -3.20e-03 2.12e-03 -3.01e-04 1.21e-04 4.13e-05 1.22e-05 1.44e-04 -6.41e-06 4.36e-05 -6.48e-05 -1.04e-04 1.22e-04 6.24e-04 3.23e-06 
2.78-4.27 3.05e-01 1.52e-01 -2.61e-02 -8.28e-03 4.96e-03 -1.03e-03 -5.19e-05 -6.52e-05 1.29e-04 -7.50e-05 6.05e-05 -3.85e-05 2.44e-05 -1.12e-05 7.10e-06 -2.57e-06 -3.53e-06 -1.04e-06 -6.94e-06 3.23e-06 9.67e-06 
