0	0	1400000
0	1	1200000
0	2	1200000
0	3	1100000
0	4	1100000
0	5	1000000
0	6	910000
0	7	690000
0	8	530000
0	9	280000
0	10	130000
0	11	48000
0	12	-31000
0	13	-66000
0	14	-89000
0	15	-90000
0	16	-79000
0	17	-90000
0	18	-65000
0	19	-51000
0	20	-43000
0	21	-34000
0	22	-35000
0	23	-21000
0	24	830000
0	25	660000
0	26	640000
0	27	640000
0	28	640000
0	29	710000
0	30	740000
0	31	740000
0	32	740000
0	33	670000
0	34	590000
0	35	530000
0	36	420000
0	37	210000
0	38	53000
0	39	-2600
0	40	-22000
0	41	-31000
0	42	-11000
0	43	16000
0	44	31000
0	45	36000
0	46	25000
0	47	12000
0	48	53000
0	49	67000
0	50	26000
0	51	54000
0	52	32000
0	53	64000
0	54	94000
0	55	120000
0	56	160000
0	57	130000
0	58	150000
0	59	150000
0	60	160000
0	61	140000
0	62	120000
0	63	48000
0	64	17000
0	65	4100
0	66	2100
0	67	-380
0	68	-890
0	69	-260
0	70	-1500
0	71	-610
0	72	570000
0	73	560000
0	74	550000
0	75	520000
0	76	540000
0	77	590000
0	78	790000
0	79	800000
0	80	790000
0	81	720000
0	82	660000
0	83	640000
0	84	730000
0	85	820000
0	86	1000000
0	87	920000
0	88	790000
0	89	340000
0	90	62000
0	91	-57000
0	92	-150000
0	93	-190000
0	94	-250000
0	95	-110000
0	96	-1200
0	97	-1200
0	98	-190
0	99	1200
0	100	2600
0	101	3800
0	102	5900
0	103	5800
0	104	7100
0	105	4800
0	106	5800
0	107	3700
0	108	440
0	109	-2000
0	110	-2300
0	111	-4900
0	112	-2200
0	113	-4100
0	114	-3400
0	115	-6800
0	116	-4400
0	117	-5800
0	118	-2500
0	119	-1000
0	120	-1950
0	121	-1350
0	122	-1250
0	123	-950
0	124	-950
0	125	-800
0	126	29
0	127	550
0	128	550
0	129	800
0	130	1600
0	131	550
1	0	1200000
1	1	1300000
1	2	1200000
1	3	1100000
1	4	1000000
1	5	970000
1	6	870000
1	7	660000
1	8	500000
1	9	260000
1	10	120000
1	11	41000
1	12	-33000
1	13	-66000
1	14	-85000
1	15	-86000
1	16	-74000
1	17	-85000
1	18	-60000
1	19	-47000
1	20	-40000
1	21	-33000
1	22	-34000
1	23	-21000
1	24	790000
1	25	620000
1	26	610000
1	27	610000
1	28	620000
1	29	680000
1	30	710000
1	31	720000
1	32	720000
1	33	650000
1	34	570000
1	35	510000
1	36	410000
1	37	200000
1	38	50000
1	39	-3300
1	40	-22000
1	41	-30000
1	42	-11000
1	43	14000
1	44	29000
1	45	34000
1	46	23000
1	47	11000
1	48	50000
1	49	64000
1	50	23000
1	51	51000
1	52	31000
1	53	61000
1	54	91000
1	55	110000
1	56	150000
1	57	130000
1	58	140000
1	59	140000
1	60	160000
1	61	140000
1	62	120000
1	63	46000
1	64	17000
1	65	4300
1	66	2400
1	67	180
1	68	-480
1	69	-140
1	70	-1400
1	71	-660
1	72	550000
1	73	530000
1	74	520000
1	75	490000
1	76	500000
1	77	550000
1	78	730000
1	79	760000
1	80	760000
1	81	710000
1	82	650000
1	83	650000
1	84	730000
1	85	820000
1	86	1000000
1	87	900000
1	88	780000
1	89	350000
1	90	80000
1	91	-34000
1	92	-120000
1	93	-170000
1	94	-230000
1	95	-97000
1	96	-860
1	97	-890
1	98	140
1	99	1500
1	100	2900
1	101	4100
1	102	6300
1	103	6200
1	104	7300
1	105	5100
1	106	5800
1	107	3900
1	108	740
1	109	-1500
1	110	-1700
1	111	-4200
1	112	-1400
1	113	-3400
1	114	-2700
1	115	-6000
1	116	-3700
1	117	-5200
1	118	-2000
1	119	-850
1	120	-1850
1	121	-1250
1	122	-1150
1	123	-900
1	124	-850
1	125	-650
1	126	185
1	127	700
1	128	650
1	129	850
1	130	1650
1	131	600
2	0	1200000
2	1	1200000
2	2	1200000
2	3	1100000
2	4	1000000
2	5	940000
2	6	840000
2	7	630000
2	8	480000
2	9	250000
2	10	110000
2	11	38000
2	12	-33000
2	13	-63000
2	14	-81000
2	15	-81000
2	16	-69000
2	17	-80000
2	18	-57000
2	19	-46000
2	20	-41000
2	21	-34000
2	22	-35000
2	23	-21000
2	24	760000
2	25	600000
2	26	590000
2	27	590000
2	28	600000
2	29	660000
2	30	690000
2	31	700000
2	32	700000
2	33	630000
2	34	550000
2	35	490000
2	36	390000
2	37	190000
2	38	44000
2	39	-7100
2	40	-23000
2	41	-31000
2	42	-12000
2	43	13000
2	44	27000
2	45	31000
2	46	21000
2	47	9900
2	48	48000
2	49	63000
2	50	22000
2	51	50000
2	52	30000
2	53	58000
2	54	87000
2	55	110000
2	56	140000
2	57	120000
2	58	140000
2	59	140000
2	60	150000
2	61	130000
2	62	120000
2	63	43000
2	64	16000
2	65	3900
2	66	2100
2	67	270
2	68	-500
2	69	-190
2	70	-1300
2	71	-740
2	72	520000
2	73	510000
2	74	500000
2	75	460000
2	76	470000
2	77	510000
2	78	690000
2	79	710000
2	80	720000
2	81	670000
2	82	620000
2	83	620000
2	84	700000
2	85	780000
2	86	990000
2	87	880000
2	88	780000
2	89	360000
2	90	95000
2	91	-19000
2	92	-110000
2	93	-150000
2	94	-220000
2	95	-91000
2	96	-580
2	97	-580
2	98	420
2	99	1700
2	100	3100
2	101	4400
2	102	6500
2	103	6300
2	104	7400
2	105	5200
2	106	5800
2	107	3900
2	108	880
2	109	-1300
2	110	-1400
2	111	-3800
2	112	-1100
2	113	-3100
2	114	-2400
2	115	-5500
2	116	-3400
2	117	-5000
2	118	-1700
2	119	-760
2	120	-1750
2	121	-1150
2	122	-1050
2	123	-800
2	124	-750
2	125	-600
2	126	250
2	127	750
2	128	700
2	129	850
2	130	1650
2	131	600
3	0	1100000
3	1	1100000
3	2	1100000
3	3	1100000
3	4	960000
3	5	910000
3	6	830000
3	7	650000
3	8	510000
3	9	290000
3	10	150000
3	11	75000
3	12	2000
3	13	-32000
3	14	-59000
3	15	-65000
3	16	-60000
3	17	-74000
3	18	-57000
3	19	-48000
3	20	-41000
3	21	-33000
3	22	-31000
3	23	-19000
3	24	770000
3	25	620000
3	26	600000
3	27	600000
3	28	590000
3	29	640000
3	30	660000
3	31	660000
3	32	670000
3	33	600000
3	34	540000
3	35	480000
3	36	390000
3	37	210000
3	38	66000
3	39	15000
3	40	-6300
3	41	-17000
3	42	-2500
3	43	19000
3	44	34000
3	45	37000
3	46	26000
3	47	12000
3	48	57000
3	49	69000
3	50	33000
3	51	58000
3	52	36000
3	53	67000
3	54	92000
3	55	110000
3	56	150000
3	57	120000
3	58	140000
3	59	130000
3	60	140000
3	61	130000
3	62	110000
3	63	48000
3	64	19000
3	65	6400
3	66	4300
3	67	960
3	68	390
3	69	570
3	70	-540
3	71	-300
3	72	520000
3	73	520000
3	74	520000
3	75	510000
3	76	550000
3	77	630000
3	78	820000
3	79	860000
3	80	860000
3	81	790000
3	82	730000
3	83	710000
3	84	770000
3	85	840000
3	86	980000
3	87	870000
3	88	720000
3	89	300000
3	90	35000
3	91	-82000
3	92	-170000
3	93	-210000
3	94	-250000
3	95	-100000
3	96	260
3	97	180
3	98	1200
3	99	2300
3	100	3700
3	101	4500
3	102	6400
3	103	6500
3	104	7300
3	105	5300
3	106	6200
3	107	4100
3	108	1200
3	109	-1300
3	110	-1700
3	111	-4500
3	112	-2000
3	113	-3900
3	114	-3100
3	115	-6300
3	116	-4100
3	117	-5500
3	118	-2400
3	119	-1000
3	120	-1350
3	121	-850
3	122	-750
3	123	-600
3	124	-650
3	125	-500
3	126	290
3	127	750
3	128	650
3	129	800
3	130	1500
3	131	470
4	0	1100000
4	1	1000000
4	2	1000000
4	3	960000
4	4	1000000
4	5	860000
4	6	780000
4	7	600000
4	8	470000
4	9	260000
4	10	130000
4	11	60000
4	12	-5900
4	13	-35000
4	14	-55000
4	15	-59000
4	16	-52000
4	17	-64000
4	18	-47000
4	19	-41000
4	20	-37000
4	21	-32000
4	22	-31000
4	23	-20000
4	24	720000
4	25	570000
4	26	560000
4	27	560000
4	28	550000
4	29	610000
4	30	640000
4	31	640000
4	32	650000
4	33	590000
4	34	520000
4	35	460000
4	36	370000
4	37	190000
4	38	57000
4	39	9800
4	40	-7700
4	41	-17000
4	42	-1600
4	43	18000
4	44	31000
4	45	33000
4	46	22000
4	47	10000
4	48	52000
4	49	64000
4	50	28000
4	51	52000
4	52	33000
4	53	60000
4	54	86000
4	55	100000
4	56	140000
4	57	120000
4	58	130000
4	59	130000
4	60	140000
4	61	120000
4	62	110000
4	63	44000
4	64	18000
4	65	6500
4	66	4600
4	67	1900
4	68	1000
4	69	550
4	70	-660
4	71	-500
4	72	530000
4	73	530000
4	74	530000
4	75	510000
4	76	530000
4	77	590000
4	78	750000
4	79	770000
4	80	780000
4	81	720000
4	82	670000
4	83	660000
4	84	730000
4	85	800000
4	86	960000
4	87	840000
4	88	720000
4	89	330000
4	90	80000
4	91	-29000
4	92	-120000
4	93	-160000
4	94	-210000
4	95	-87000
4	96	590
4	97	550
4	98	1500
4	99	2700
4	100	3900
4	101	5000
4	102	6900
4	103	6900
4	104	7800
4	105	5800
4	106	6400
4	107	4500
4	108	1800
4	109	-390
4	110	-670
4	111	-3200
4	112	-720
4	113	-2700
4	114	-2000
4	115	-5000
4	116	-3100
4	117	-4600
4	118	-1600
4	119	-740
4	120	-1250
4	121	-750
4	122	-650
4	123	-500
4	124	-495
4	125	-315
4	126	480
4	127	900
4	128	800
4	129	900
4	130	1600
4	131	550
5	0	1000000
5	1	970000
5	2	940000
5	3	910000
5	4	860000
5	5	910000
5	6	780000
5	7	620000
5	8	510000
5	9	320000
5	10	190000
5	11	120000
5	12	56000
5	13	26000
5	14	-3300
5	15	-19000
5	16	-27000
5	17	-44000
5	18	-41000
5	19	-45000
5	20	-44000
5	21	-37000
5	22	-31000
5	23	-20000
5	24	730000
5	25	600000
5	26	580000
5	27	560000
5	28	560000
5	29	590000
5	30	610000
5	31	610000
5	32	610000
5	33	560000
5	34	500000
5	35	450000
5	36	370000
5	37	220000
5	38	90000
5	39	39000
5	40	13000
5	41	670
5	42	7400
5	43	19000
5	44	30000
5	45	31000
5	46	20000
5	47	9300
5	48	66000
5	49	74000
5	50	43000
5	51	65000
5	52	42000
5	53	70000
5	54	90000
5	55	100000
5	56	130000
5	57	120000
5	58	130000
5	59	120000
5	60	130000
5	61	110000
5	62	100000
5	63	46000
5	64	21000
5	65	9100
5	66	7300
5	67	3000
5	68	2500
5	69	1100
5	70	43
5	71	-440
5	72	560000
5	73	570000
5	74	580000
5	75	570000
5	76	600000
5	77	670000
5	78	840000
5	79	910000
5	80	920000
5	81	860000
5	82	810000
5	83	790000
5	84	830000
5	85	870000
5	86	930000
5	87	780000
5	88	600000
5	89	210000
5	90	-14000
5	91	-110000
5	92	-190000
5	93	-230000
5	94	-240000
5	95	-95000
5	96	-330
5	97	-230
5	98	900
5	99	2200
5	100	3700
5	101	4900
5	102	6900
5	103	7300
5	104	8100
5	105	6300
5	106	6900
5	107	4700
5	108	2400
5	109	-37
5	110	-460
5	111	-3400
5	112	-810
5	113	-2800
5	114	-1900
5	115	-5100
5	116	-3100
5	117	-4500
5	118	-1800
5	119	-900
5	120	-1150
5	121	-700
5	122	-600
5	123	-430
5	124	-425
5	125	-215
5	126	700
5	127	1150
5	128	1050
5	129	1050
5	130	1650
5	131	550
6	0	910000
6	1	870000
6	2	840000
6	3	830000
6	4	780000
6	5	780000
6	6	830000
6	7	620000
6	8	520000
6	9	370000
6	10	250000
6	11	170000
6	12	110000
6	13	81000
6	14	42000
6	15	18000
6	16	-440
6	17	-22000
6	18	-35000
6	19	-46000
6	20	-48000
6	21	-41000
6	22	-31000
6	23	-20000
6	24	710000
6	25	600000
6	26	580000
6	27	550000
6	28	540000
6	29	560000
6	30	560000
6	31	560000
6	32	560000
6	33	510000
6	34	470000
6	35	430000
6	36	360000
6	37	230000
6	38	120000
6	39	65000
6	40	33000
6	41	19000
6	42	18000
6	43	24000
6	44	33000
6	45	32000
6	46	21000
6	47	9400
6	48	77000
6	49	82000
6	50	56000
6	51	74000
6	52	49000
6	53	77000
6	54	92000
6	55	100000
6	56	130000
6	57	110000
6	58	120000
6	59	110000
6	60	120000
6	61	100000
6	62	91000
6	63	48000
6	64	24000
6	65	12000
6	66	9800
6	67	4100
6	68	3600
6	69	1700
6	70	890
6	71	-180
6	72	610000
6	73	630000
6	74	650000
6	75	660000
6	76	690000
6	77	780000
6	78	950000
6	79	1000000
6	80	1000000
6	81	950000
6	82	900000
6	83	880000
6	84	900000
6	85	910000
6	86	890000
6	87	700000
6	88	480000
6	89	100000
6	90	-100000
6	91	-190000
6	92	-260000
6	93	-290000
6	94	-260000
6	95	-100000
6	96	130
6	97	290
6	98	1600
6	99	2800
6	100	4400
6	101	5600
6	102	7500
6	103	8300
6	104	8900
6	105	7100
6	106	7800
6	107	5300
6	108	3400
6	109	560
6	110	-44
6	111	-3300
6	112	-780
6	113	-2900
6	114	-1700
6	115	-5100
6	116	-3200
6	117	-4100
6	118	-1800
6	119	-950
6	120	-700
6	121	-335
6	122	-265
6	123	-160
6	124	-225
6	125	-45.5
6	126	900
6	127	1250
6	128	1150
6	129	1150
6	130	1600
6	131	480
7	0	690000
7	1	660000
7	2	630000
7	3	650000
7	4	600000
7	5	620000
7	6	620000
7	7	630000
7	8	480000
7	9	380000
7	10	280000
7	11	220000
7	12	170000
7	13	150000
7	14	110000
7	15	74000
7	16	42000
7	17	16000
7	18	-14000
7	19	-38000
7	20	-45000
7	21	-40000
7	22	-27000
7	23	-17000
7	24	610000
7	25	530000
7	26	510000
7	27	470000
7	28	460000
7	29	460000
7	30	460000
7	31	450000
7	32	440000
7	33	410000
7	34	400000
7	35	360000
7	36	310000
7	37	230000
7	38	150000
7	39	100000
7	40	64000
7	41	48000
7	42	36000
7	43	31000
7	44	33000
7	45	29000
7	46	18000
7	47	8000
7	48	81000
7	49	81000
7	50	65000
7	51	77000
7	52	53000
7	53	77000
7	54	86000
7	55	89000
7	56	110000
7	57	97000
7	58	96000
7	59	87000
7	60	89000
7	61	81000
7	62	70000
7	63	46000
7	64	26000
7	65	16000
7	66	14000
7	67	6600
7	68	5900
7	69	2500
7	70	1500
7	71	98
7	72	660000
7	73	690000
7	74	730000
7	75	760000
7	76	790000
7	77	870000
7	78	990000
7	79	1100000
7	80	1000000
7	81	940000
7	82	910000
7	83	880000
7	84	870000
7	85	840000
7	86	720000
7	87	510000
7	88	280000
7	89	-27000
7	90	-170000
7	91	-220000
7	92	-270000
7	93	-290000
7	94	-230000
7	95	-86000
7	96	590
7	97	770
7	98	2000
7	99	3000
7	100	4500
7	101	5500
7	102	7100
7	103	8100
7	104	8400
7	105	6900
7	106	7600
7	107	5200
7	108	4100
7	109	1500
7	110	790
7	111	-2300
7	112	-390
7	113	-2300
7	114	-1400
7	115	-4300
7	116	-2900
7	117	-3200
7	118	-1500
7	119	-880
7	120	-335
7	121	-50
7	122	3.05
7	123	43.5
7	124	-29.5
7	125	85
7	126	900
7	127	1150
7	128	1000
7	129	950
7	130	1300
7	131	355
8	0	530000
8	1	500000
8	2	480000
8	3	510000
8	4	470000
8	5	510000
8	6	520000
8	7	480000
8	8	520000
8	9	360000
8	10	290000
8	11	250000
8	12	210000
8	13	200000
8	14	160000
8	15	120000
8	16	84000
8	17	55000
8	18	11000
8	19	-26000
8	20	-42000
8	21	-40000
8	22	-27000
8	23	-16000
8	24	510000
8	25	460000
8	26	440000
8	27	400000
8	28	390000
8	29	390000
8	30	380000
8	31	370000
8	32	370000
8	33	350000
8	34	350000
8	35	320000
8	36	280000
8	37	220000
8	38	160000
8	39	120000
8	40	79000
8	41	63000
8	42	45000
8	43	30000
8	44	27000
8	45	20000
8	46	10000
8	47	4700
8	48	84000
8	49	82000
8	50	70000
8	51	80000
8	52	55000
8	53	75000
8	54	78000
8	55	77000
8	56	94000
8	57	82000
8	58	79000
8	59	70000
8	60	71000
8	61	65000
8	62	57000
8	63	41000
8	64	26000
8	65	17000
8	66	16000
8	67	8800
8	68	7400
8	69	3000
8	70	2100
8	71	-39
8	72	680000
8	73	710000
8	74	750000
8	75	770000
8	76	790000
8	77	840000
8	78	930000
8	79	1000000
8	80	1000000
8	81	930000
8	82	900000
8	83	870000
8	84	840000
8	85	780000
8	86	620000
8	87	420000
8	88	200000
8	89	-55000
8	90	-160000
8	91	-200000
8	92	-240000
8	93	-260000
8	94	-180000
8	95	-67000
8	96	1400
8	97	1700
8	98	2800
8	99	3800
8	100	5100
8	101	6300
8	102	7600
8	103	8700
8	104	8800
8	105	7500
8	106	8000
8	107	5700
8	108	5200
8	109	2800
8	110	2200
8	111	-750
8	112	1100
8	113	-890
8	114	31
8	115	-2600
8	116	-1600
8	117	-1800
8	118	-190
8	119	-470
8	120	140
8	121	340
8	122	380
8	123	360
8	124	300
8	125	430
8	126	1150
8	127	1300
8	128	1150
8	129	1050
8	130	1300
8	131	350
9	0	280000
9	1	260000
9	2	250000
9	3	290000
9	4	260000
9	5	320000
9	6	370000
9	7	380000
9	8	360000
9	9	450000
9	10	310000
9	11	280000
9	12	260000
9	13	260000
9	14	220000
9	15	190000
9	16	140000
9	17	120000
9	18	56000
9	19	4500
9	20	-24000
9	21	-28000
9	22	-19000
9	23	-11000
9	24	370000
9	25	360000
9	26	340000
9	27	300000
9	28	290000
9	29	270000
9	30	250000
9	31	240000
9	32	240000
9	33	230000
9	34	250000
9	35	240000
9	36	220000
9	37	210000
9	38	180000
9	39	140000
9	40	110000
9	41	90000
9	42	67000
9	43	39000
9	44	28000
9	45	15000
9	46	5500
9	47	2300
9	48	87000
9	49	80000
9	50	77000
9	51	80000
9	52	56000
9	53	72000
9	54	68000
9	55	62000
9	56	71000
9	57	66000
9	58	56000
9	59	47000
9	60	42000
9	61	40000
9	62	34000
9	63	36000
9	64	28000
9	65	21000
9	66	19000
9	67	12000
9	68	10000
9	69	3800
9	70	2700
9	71	44
9	72	740000
9	73	780000
9	74	820000
9	75	860000
9	76	880000
9	77	920000
9	78	950000
9	79	1000000
9	80	960000
9	81	880000
9	82	860000
9	83	830000
9	84	760000
9	85	660000
9	86	430000
9	87	240000
9	88	19000
9	89	-150000
9	90	-190000
9	91	-200000
9	92	-220000
9	93	-230000
9	94	-140000
9	95	-50000
9	96	1500
9	97	2000
9	98	2800
9	99	3600
9	100	4800
9	101	6100
9	102	6800
9	103	8300
9	104	8400
9	105	7500
9	106	8000
9	107	5900
9	108	6000
9	109	3900
9	110	3200
9	111	460
9	112	1800
9	113	29
9	114	790
9	115	-1300
9	116	-830
9	117	-610
9	118	510
9	119	-230
9	120	600
9	121	700
9	122	700
9	123	650
9	124	600
9	125	700
9	126	1300
9	127	1350
9	128	1200
9	129	950
9	130	1100
9	131	230
10	0	130000
10	1	120000
10	2	110000
10	3	150000
10	4	130000
10	5	190000
10	6	250000
10	7	280000
10	8	290000
10	9	310000
10	10	390000
10	11	290000
10	12	280000
10	13	300000
10	14	270000
10	15	240000
10	16	190000
10	17	170000
10	18	97000
10	19	34000
10	20	-6300
10	21	-21000
10	22	-19000
10	23	-10000
10	24	260000
10	25	260000
10	26	250000
10	27	220000
10	28	220000
10	29	190000
10	30	180000
10	31	170000
10	32	170000
10	33	180000
10	34	200000
10	35	200000
10	36	190000
10	37	210000
10	38	190000
10	39	160000
10	40	120000
10	41	110000
10	42	79000
10	43	44000
10	44	27000
10	45	8200
10	46	-850
10	47	-840
10	48	85000
10	49	78000
10	50	79000
10	51	80000
10	52	58000
10	53	70000
10	54	62000
10	55	53000
10	56	57000
10	57	53000
10	58	42000
10	59	33000
10	60	27000
10	61	27000
10	62	24000
10	63	32000
10	64	28000
10	65	23000
10	66	22000
10	67	15000
10	68	12000
10	69	4600
10	70	3400
10	71	14
10	72	700000
10	73	750000
10	74	800000
10	75	840000
10	76	850000
10	77	870000
10	78	860000
10	79	920000
10	80	880000
10	81	840000
10	82	820000
10	83	790000
10	84	700000
10	85	590000
10	86	350000
10	87	170000
10	88	-22000
10	89	-130000
10	90	-140000
10	91	-150000
10	92	-160000
10	93	-170000
10	94	-81000
10	95	-28000
10	96	2400
10	97	2700
10	98	3300
10	99	3900
10	100	5000
10	101	6100
10	102	6600
10	103	8000
10	104	7900
10	105	7300
10	106	7500
10	107	5800
10	108	6400
10	109	4900
10	110	4200
10	111	1900
10	112	2900
10	113	1200
10	114	1800
10	115	170
10	116	170
10	117	740
10	118	1700
10	119	180
10	120	850
10	121	900
10	122	950
10	123	800
10	124	750
10	125	850
10	126	1350
10	127	1300
10	128	1100
10	129	850
10	130	800
10	131	155
11	0	48000
11	1	41000
11	2	38000
11	3	75000
11	4	60000
11	5	120000
11	6	170000
11	7	220000
11	8	250000
11	9	280000
11	10	290000
11	11	380000
11	12	300000
11	13	330000
11	14	310000
11	15	280000
11	16	240000
11	17	210000
11	18	130000
11	19	61000
11	20	8800
11	21	-12000
11	22	-16000
11	23	-7900
11	24	190000
11	25	200000
11	26	190000
11	27	170000
11	28	170000
11	29	150000
11	30	140000
11	31	140000
11	32	140000
11	33	150000
11	34	190000
11	35	180000
11	36	180000
11	37	220000
11	38	200000
11	39	180000
11	40	140000
11	41	120000
11	42	91000
11	43	48000
11	44	24000
11	45	1400
11	46	-6700
11	47	-3600
11	48	80000
11	49	73000
11	50	77000
11	51	77000
11	52	58000
11	53	67000
11	54	57000
11	55	49000
11	56	49000
11	57	46000
11	58	34000
11	59	26000
11	60	18000
11	61	19000
11	62	17000
11	63	29000
11	64	28000
11	65	25000
11	66	24000
11	67	18000
11	68	14000
11	69	4700
11	70	3300
11	71	-210
11	72	740000
11	73	780000
11	74	830000
11	75	850000
11	76	850000
11	77	840000
11	78	780000
11	79	820000
11	80	770000
11	81	740000
11	82	730000
11	83	690000
11	84	590000
11	85	480000
11	86	250000
11	87	92000
11	88	-63000
11	89	-120000
11	90	-100000
11	91	-90000
11	92	-87000
11	93	-99000
11	94	-26000
11	95	-7100
11	96	2100
11	97	2500
11	98	2700
11	99	3200
11	100	4200
11	101	5300
11	102	5700
11	103	7200
11	104	7000
11	105	6700
11	106	6900
11	107	5500
11	108	6600
11	109	5500
11	110	4900
11	111	3200
11	112	3700
11	113	2200
11	114	2300
11	115	1100
11	116	760
11	117	1400
11	118	2600
11	119	500
11	120	700
11	121	800
11	122	850
11	123	700
11	124	750
11	125	800
11	126	1150
11	127	1050
11	128	950
11	129	600
11	130	650
11	131	100
12	0	-31000
12	1	-33000
12	2	-33000
12	3	2000
12	4	-5900
12	5	56000
12	6	110000
12	7	170000
12	8	210000
12	9	260000
12	10	280000
12	11	300000
12	12	390000
12	13	350000
12	14	340000
12	15	320000
12	16	280000
12	17	250000
12	18	170000
12	19	89000
12	20	26000
12	21	-5100
12	22	-16000
12	23	-7700
12	24	120000
12	25	140000
12	26	140000
12	27	120000
12	28	130000
12	29	110000
12	30	97000
12	31	98000
12	32	110000
12	33	120000
12	34	170000
12	35	170000
12	36	180000
12	37	230000
12	38	220000
12	39	200000
12	40	160000
12	41	140000
12	42	110000
12	43	59000
12	44	29000
12	45	-36
12	46	-8600
12	47	-5000
12	48	74000
12	49	67000
12	50	74000
12	51	73000
12	52	58000
12	53	65000
12	54	54000
12	55	45000
12	56	42000
12	57	40000
12	58	28000
12	59	20000
12	60	12000
12	61	14000
12	62	13000
12	63	27000
12	64	30000
12	65	28000
12	66	28000
12	67	22000
12	68	17000
12	69	6000
12	70	3900
12	71	-34
12	72	680000
12	73	720000
12	74	770000
12	75	800000
12	76	810000
12	77	790000
12	78	700000
12	79	720000
12	80	660000
12	81	660000
12	82	650000
12	83	620000
12	84	530000
12	85	410000
12	86	180000
12	87	47000
12	88	-75000
12	89	-78000
12	90	-45000
12	91	-29000
12	92	-18000
12	93	-31000
12	94	26000
12	95	12000
12	96	2600
12	97	2800
12	98	2800
12	99	2900
12	100	3800
12	101	4500
12	102	4900
12	103	6200
12	104	6100
12	105	6000
12	106	6200
12	107	5200
12	108	6700
12	109	6200
12	110	5700
12	111	4300
12	112	4600
12	113	3200
12	114	3000
12	115	2200
12	116	1500
12	117	2200
12	118	3400
12	119	780
12	120	700
12	121	800
12	122	900
12	123	700
12	124	800
12	125	850
12	126	1050
12	127	900
12	128	800
12	129	440
12	130	395
12	131	55
13	0	-66000
13	1	-66000
13	2	-63000
13	3	-32000
13	4	-35000
13	5	26000
13	6	81000
13	7	150000
13	8	200000
13	9	260000
13	10	300000
13	11	330000
13	12	350000
13	13	500000
13	14	410000
13	15	410000
13	16	370000
13	17	350000
13	18	250000
13	19	140000
13	20	48000
13	21	3500
13	22	-18000
13	23	-7600
13	24	88000
13	25	110000
13	26	110000
13	27	99000
13	28	120000
13	29	100000
13	30	93000
13	31	98000
13	32	110000
13	33	140000
13	34	190000
13	35	190000
13	36	210000
13	37	260000
13	38	250000
13	39	230000
13	40	190000
13	41	170000
13	42	140000
13	43	75000
13	44	34000
13	45	-6400
13	46	-16000
13	47	-8200
13	48	80000
13	49	73000
13	50	79000
13	51	79000
13	52	61000
13	53	69000
13	54	57000
13	55	49000
13	56	46000
13	57	45000
13	58	31000
13	59	23000
13	60	12000
13	61	14000
13	62	14000
13	63	29000
13	64	35000
13	65	34000
13	66	33000
13	67	28000
13	68	22000
13	69	7300
13	70	4200
13	71	-360
13	72	690000
13	73	720000
13	74	780000
13	75	810000
13	76	830000
13	77	800000
13	78	670000
13	79	680000
13	80	590000
13	81	600000
13	82	600000
13	83	560000
13	84	450000
13	85	320000
13	86	110000
13	87	-3300
13	88	-100000
13	89	-65000
13	90	-12000
13	91	15000
13	92	35000
13	93	18000
13	94	64000
13	95	26000
13	96	1300
13	97	1400
13	98	1100
13	99	1100
13	100	2200
13	101	2900
13	102	3500
13	103	5100
13	104	5300
13	105	5600
13	106	6000
13	107	5300
13	108	7300
13	109	7200
13	110	6800
13	111	5600
13	112	6000
13	113	4300
13	114	4100
13	115	3300
13	116	2400
13	117	2900
13	118	4600
13	119	1200
13	120	600
13	121	700
13	122	800
13	123	650
13	124	850
13	125	950
13	126	1200
13	127	1050
13	128	950
13	129	500
13	130	470
13	131	80
14	0	-89000
14	1	-85000
14	2	-81000
14	3	-59000
14	4	-55000
14	5	-3300
14	6	42000
14	7	110000
14	8	160000
14	9	220000
14	10	270000
14	11	310000
14	12	340000
14	13	410000
14	14	530000
14	15	450000
14	16	420000
14	17	410000
14	18	310000
14	19	200000
14	20	81000
14	21	24000
14	22	-11000
14	23	-5300
14	24	42000
14	25	59000
14	26	72000
14	27	65000
14	28	86000
14	29	77000
14	30	72000
14	31	82000
14	32	100000
14	33	130000
14	34	180000
14	35	190000
14	36	210000
14	37	270000
14	38	250000
14	39	240000
14	40	200000
14	41	180000
14	42	160000
14	43	93000
14	44	45000
14	45	-4600
14	46	-15000
14	47	-8800
14	48	71000
14	49	65000
14	50	71000
14	51	71000
14	52	57000
14	53	65000
14	54	54000
14	55	51000
14	56	46000
14	57	49000
14	58	35000
14	59	27000
14	60	16000
14	61	17000
14	62	18000
14	63	30000
14	64	39000
14	65	39000
14	66	38000
14	67	33000
14	68	26000
14	69	9300
14	70	4800
14	71	-250
14	72	600000
14	73	610000
14	74	660000
14	75	680000
14	76	730000
14	77	730000
14	78	610000
14	79	620000
14	80	510000
14	81	520000
14	82	510000
14	83	480000
14	84	380000
14	85	260000
14	86	87000
14	87	5500
14	88	-50000
14	89	21000
14	90	76000
14	91	100000
14	92	120000
14	93	93000
14	94	100000
14	95	40000
14	96	390
14	97	310
14	98	-340
14	99	-790
14	100	420
14	101	650
14	102	1300
14	103	3100
14	104	3700
14	105	4500
14	106	5200
14	107	5100
14	108	7400
14	109	7700
14	110	7400
14	111	6500
14	112	6800
14	113	5200
14	114	4800
14	115	4300
14	116	3200
14	117	3000
14	118	5300
14	119	1500
14	120	400
14	121	600
14	122	750
14	123	600
14	124	850
14	125	1000
14	126	1300
14	127	1200
14	128	1150
14	129	550
14	130	600
14	131	140
15	0	-90000
15	1	-86000
15	2	-81000
15	3	-65000
15	4	-59000
15	5	-19000
15	6	18000
15	7	74000
15	8	120000
15	9	190000
15	10	240000
15	11	280000
15	12	320000
15	13	410000
15	14	450000
15	15	570000
15	16	470000
15	17	470000
15	18	380000
15	19	260000
15	20	120000
15	21	46000
15	22	-4400
15	23	-3500
15	24	9600
15	25	24000
15	26	42000
15	27	42000
15	28	66000
15	29	66000
15	30	63000
15	31	78000
15	32	100000
15	33	130000
15	34	190000
15	35	210000
15	36	230000
15	37	290000
15	38	270000
15	39	250000
15	40	210000
15	41	200000
15	42	190000
15	43	120000
15	44	68000
15	45	5000
15	46	-9900
15	47	-7400
15	48	65000
15	49	60000
15	50	64000
15	51	65000
15	52	54000
15	53	64000
15	54	55000
15	55	55000
15	56	51000
15	57	57000
15	58	44000
15	59	37000
15	60	24000
15	61	25000
15	62	25000
15	63	36000
15	64	46000
15	65	45000
15	66	44000
15	67	39000
15	68	32000
15	69	12000
15	70	6100
15	71	210
15	72	520000
15	73	520000
15	74	570000
15	75	620000
15	76	740000
15	77	800000
15	78	690000
15	79	660000
15	80	480000
15	81	470000
15	82	440000
15	83	410000
15	84	310000
15	85	210000
15	86	81000
15	87	44000
15	88	24000
15	89	110000
15	90	150000
15	91	160000
15	92	170000
15	93	140000
15	94	120000
15	95	43000
15	96	-490
15	97	-920
15	98	-1900
15	99	-2900
15	100	-1600
15	101	-2000
15	102	-1300
15	103	860
15	104	1900
15	105	3200
15	106	4500
15	107	4900
15	108	7300
15	109	7800
15	110	7500
15	111	6700
15	112	7200
15	113	5500
15	114	5200
15	115	4800
15	116	3600
15	117	2800
15	118	5500
15	119	1600
15	120	95
15	121	375
15	122	550
15	123	445
15	124	800
15	125	1000
15	126	1350
15	127	1300
15	128	1250
15	129	600
15	130	550
15	131	145
16	0	-79000
16	1	-74000
16	2	-69000
16	3	-60000
16	4	-52000
16	5	-27000
16	6	-440
16	7	42000
16	8	84000
16	9	140000
16	10	190000
16	11	240000
16	12	280000
16	13	370000
16	14	420000
16	15	470000
16	16	570000
16	17	500000
16	18	440000
16	19	330000
16	20	180000
16	21	94000
16	22	27000
16	23	8700
16	24	-9600
16	25	-900
16	26	19000
16	27	22000
16	28	45000
16	29	51000
16	30	50000
16	31	68000
16	32	93000
16	33	130000
16	34	180000
16	35	210000
16	36	230000
16	37	280000
16	38	270000
16	39	250000
16	40	220000
16	41	200000
16	42	210000
16	43	140000
16	44	94000
16	45	27000
16	46	7400
16	47	-850
16	48	55000
16	49	53000
16	50	54000
16	51	56000
16	52	50000
16	53	62000
16	54	56000
16	55	59000
16	56	54000
16	57	63000
16	58	51000
16	59	45000
16	60	32000
16	61	33000
16	62	31000
16	63	38000
16	64	48000
16	65	47000
16	66	45000
16	67	41000
16	68	33000
16	69	15000
16	70	8500
16	71	1600
16	72	350000
16	73	330000
16	74	370000
16	75	430000
16	76	580000
16	77	710000
16	78	660000
16	79	650000
16	80	480000
16	81	460000
16	82	440000
16	83	420000
16	84	340000
16	85	240000
16	86	160000
16	87	140000
16	88	150000
16	89	220000
16	90	230000
16	91	210000
16	92	200000
16	93	160000
16	94	110000
16	95	38000
16	96	-2100
16	97	-2800
16	98	-3700
16	99	-5000
16	100	-3500
16	101	-4400
16	102	-3400
16	103	-830
16	104	770
16	105	2600
16	106	4400
16	107	5300
16	108	7500
16	109	7900
16	110	7500
16	111	6600
16	112	7000
16	113	5200
16	114	5000
16	115	4700
16	116	3400
16	117	2300
16	118	5200
16	119	1500
16	120	-95
16	121	235
16	122	450
16	123	315
16	124	650
16	125	850
16	126	1250
16	127	1250
16	128	1200
16	129	450
16	130	405
16	131	150
17	0	-90000
17	1	-85000
17	2	-80000
17	3	-74000
17	4	-64000
17	5	-44000
17	6	-22000
17	7	16000
17	8	55000
17	9	120000
17	10	170000
17	11	210000
17	12	250000
17	13	350000
17	14	410000
17	15	470000
17	16	500000
17	17	630000
17	18	500000
17	19	400000
17	20	260000
17	21	160000
17	22	73000
17	23	28000
17	24	-36000
17	25	-27000
17	26	-790
17	27	2800
17	28	28000
17	29	35000
17	30	33000
17	31	51000
17	32	75000
17	33	110000
17	34	160000
17	35	190000
17	36	220000
17	37	280000
17	38	260000
17	39	260000
17	40	230000
17	41	210000
17	42	230000
17	43	160000
17	44	110000
17	45	40000
17	46	17000
17	47	2400
17	48	51000
17	49	48000
17	50	48000
17	51	49000
17	52	44000
17	53	56000
17	54	52000
17	55	58000
17	56	52000
17	57	67000
17	58	54000
17	59	49000
17	60	35000
17	61	35000
17	62	32000
17	63	39000
17	64	49000
17	65	48000
17	66	45000
17	67	41000
17	68	34000
17	69	16000
17	70	10000
17	71	2000
17	72	260000
17	73	230000
17	74	270000
17	75	330000
17	76	520000
17	77	720000
17	78	690000
17	79	730000
17	80	550000
17	81	520000
17	82	490000
17	83	480000
17	84	400000
17	85	310000
17	86	250000
17	87	240000
17	88	230000
17	89	260000
17	90	240000
17	91	210000
17	92	180000
17	93	130000
17	94	75000
17	95	25000
17	96	-4300
17	97	-5000
17	98	-5700
17	99	-6600
17	100	-4700
17	101	-5300
17	102	-3900
17	103	-610
17	104	1900
17	105	4000
17	106	6000
17	107	7000
17	108	8900
17	109	8800
17	110	8100
17	111	6700
17	112	7500
17	113	5500
17	114	5500
17	115	4600
17	116	3100
17	117	1500
17	118	4700
17	119	1300
17	120	-80
17	121	205
17	122	415
17	123	290
17	124	650
17	125	900
17	126	1450
17	127	1500
17	128	1400
17	129	600
17	130	465
17	131	70
18	0	-65000
18	1	-60000
18	2	-57000
18	3	-57000
18	4	-47000
18	5	-41000
18	6	-35000
18	7	-14000
18	8	11000
18	9	56000
18	10	97000
18	11	130000
18	12	170000
18	13	250000
18	14	310000
18	15	380000
18	16	440000
18	17	500000
18	18	560000
18	19	410000
18	20	290000
18	21	190000
18	22	100000
18	23	40000
18	24	-49000
18	25	-46000
18	26	-19000
18	27	-14000
18	28	6600
18	29	16000
18	30	16000
18	31	33000
18	32	53000
18	33	82000
18	34	120000
18	35	160000
18	36	190000
18	37	240000
18	38	220000
18	39	220000
18	40	200000
18	41	200000
18	42	210000
18	43	160000
18	44	120000
18	45	58000
18	46	33000
18	47	8900
18	48	35000
18	49	33000
18	50	32000
18	51	33000
18	52	33000
18	53	44000
18	54	44000
18	55	52000
18	56	46000
18	57	64000
18	58	54000
18	59	51000
18	60	39000
18	61	39000
18	62	34000
18	63	37000
18	64	45000
18	65	44000
18	66	40000
18	67	37000
18	68	32000
18	69	16000
18	70	11000
18	71	3100
18	72	150000
18	73	99000
18	74	120000
18	75	190000
18	76	380000
18	77	640000
18	78	670000
18	79	720000
18	80	550000
18	81	490000
18	82	460000
18	83	450000
18	84	400000
18	85	340000
18	86	310000
18	87	320000
18	88	340000
18	89	330000
18	90	280000
18	91	240000
18	92	190000
18	93	130000
18	94	54000
18	95	16000
18	96	-4900
18	97	-5700
18	98	-6100
18	99	-7000
18	100	-5200
18	101	-6000
18	102	-4600
18	103	-1300
18	104	1400
18	105	3600
18	106	5700
18	107	6800
18	108	8200
18	109	7900
18	110	7200
18	111	5900
18	112	6600
18	113	4800
18	114	4800
18	115	3900
18	116	2600
18	117	730
18	118	3500
18	119	1000
18	120	-190
18	121	90
18	122	300
18	123	200
18	124	500
18	125	800
18	126	1350
18	127	1450
18	128	1350
18	129	550
18	130	410
18	131	60
19	0	-51000
19	1	-47000
19	2	-46000
19	3	-48000
19	4	-41000
19	5	-45000
19	6	-46000
19	7	-38000
19	8	-26000
19	9	4500
19	10	34000
19	11	61000
19	12	89000
19	13	140000
19	14	200000
19	15	260000
19	16	330000
19	17	400000
19	18	410000
19	19	460000
19	20	310000
19	21	230000
19	22	150000
19	23	59000
19	24	-52000
19	25	-48000
19	26	-29000
19	27	-24000
19	28	-11000
19	29	-1100
19	30	1800
19	31	13000
19	32	29000
19	33	50000
19	34	80000
19	35	110000
19	36	140000
19	37	190000
19	38	180000
19	39	180000
19	40	180000
19	41	170000
19	42	180000
19	43	150000
19	44	130000
19	45	82000
19	46	56000
19	47	19000
19	48	22000
19	49	22000
19	50	22000
19	51	22000
19	52	26000
19	53	35000
19	54	38000
19	55	45000
19	56	38000
19	57	55000
19	58	48000
19	59	48000
19	60	38000
19	61	39000
19	62	30000
19	63	33000
19	64	36000
19	65	34000
19	66	30000
19	67	27000
19	68	24000
19	69	15000
19	70	13000
19	71	4700
19	72	32000
19	73	-9600
19	74	9600
19	75	99000
19	76	280000
19	77	560000
19	78	660000
19	79	750000
19	80	620000
19	81	550000
19	82	500000
19	83	490000
19	84	460000
19	85	410000
19	86	400000
19	87	400000
19	88	410000
19	89	350000
19	90	260000
19	91	190000
19	92	130000
19	93	72000
19	94	-4500
19	95	-6100
19	96	-3600
19	97	-4400
19	98	-4300
19	99	-4900
19	100	-3400
19	101	-4300
19	102	-3000
19	103	-110
19	104	2200
19	105	4000
19	106	5800
19	107	6700
19	108	7200
19	109	6300
19	110	5500
19	111	4100
19	112	4300
19	113	2700
19	114	2500
19	115	1600
19	116	370
19	117	-930
19	118	1600
19	119	300
19	120	25.5
19	121	215
19	122	335
19	123	165
19	124	290
19	125	405
19	126	750
19	127	800
19	128	600
19	129	50
19	130	-95
19	131	-80
20	0	-43000
20	1	-40000
20	2	-41000
20	3	-41000
20	4	-37000
20	5	-44000
20	6	-48000
20	7	-45000
20	8	-42000
20	9	-24000
20	10	-6300
20	11	8800
20	12	26000
20	13	48000
20	14	81000
20	15	120000
20	16	180000
20	17	260000
20	18	290000
20	19	310000
20	20	360000
20	21	220000
20	22	170000
20	23	68000
20	24	-47000
20	25	-39000
20	26	-29000
20	27	-26000
20	28	-20000
20	29	-14000
20	30	-9400
20	31	-4800
20	32	4400
20	33	17000
20	34	35000
20	35	59000
20	36	86000
20	37	130000
20	38	130000
20	39	140000
20	40	150000
20	41	140000
20	42	140000
20	43	130000
20	44	120000
20	45	95000
20	46	71000
20	47	26000
20	48	13000
20	49	14000
20	50	15000
20	51	14000
20	52	20000
20	53	26000
20	54	27000
20	55	30000
20	56	24000
20	57	38000
20	58	36000
20	59	38000
20	60	33000
20	61	34000
20	62	24000
20	63	27000
20	64	25000
20	65	23000
20	66	19000
20	67	16000
20	68	15000
20	69	12000
20	70	13000
20	71	5700
20	72	-41000
20	73	-70000
20	74	-55000
20	75	35000
20	76	170000
20	77	440000
20	78	580000
20	79	680000
20	80	600000
20	81	530000
20	82	490000
20	83	480000
20	84	460000
20	85	440000
20	86	430000
20	87	430000
20	88	430000
20	89	330000
20	90	230000
20	91	160000
20	92	100000
20	93	47000
20	94	-21000
20	95	-12000
20	96	-2600
20	97	-3300
20	98	-2600
20	99	-2700
20	100	-1500
20	101	-2100
20	102	-1100
20	103	1300
20	104	3200
20	105	4500
20	106	5700
20	107	6400
20	108	6200
20	109	5200
20	110	4400
20	111	3300
20	112	2900
20	113	1800
20	114	1400
20	115	610
20	116	-760
20	117	-1500
20	118	89
20	119	-220
20	120	165
20	121	260
20	122	320
20	123	145
20	124	135
20	125	100
20	126	240
20	127	190
20	128	-14.5
20	129	-310
20	130	-600
20	131	-255
21	0	-34000
21	1	-33000
21	2	-34000
21	3	-33000
21	4	-32000
21	5	-37000
21	6	-41000
21	7	-40000
21	8	-40000
21	9	-28000
21	10	-21000
21	11	-12000
21	12	-5100
21	13	3500
21	14	24000
21	15	46000
21	16	94000
21	17	160000
21	18	190000
21	19	230000
21	20	220000
21	21	250000
21	22	150000
21	23	64000
21	24	-32000
21	25	-26000
21	26	-20000
21	27	-19000
21	28	-17000
21	29	-16000
21	30	-14000
21	31	-14000
21	32	-10000
21	33	-5700
21	34	3800
21	35	22000
21	36	44000
21	37	75000
21	38	81000
21	39	93000
21	40	100000
21	41	99000
21	42	98000
21	43	89000
21	44	89000
21	45	78000
21	46	64000
21	47	24000
21	48	9200
21	49	9300
21	50	11000
21	51	9200
21	52	13000
21	53	16000
21	54	18000
21	55	20000
21	56	15000
21	57	26000
21	58	24000
21	59	26000
21	60	22000
21	61	23000
21	62	15000
21	63	17000
21	64	15000
21	65	14000
21	66	10000
21	67	8400
21	68	7700
21	69	8800
21	70	10000
21	71	5100
21	72	-23000
21	73	-47000
21	74	-51000
21	75	7000
21	76	69000
21	77	270000
21	78	410000
21	79	540000
21	80	520000
21	81	470000
21	82	440000
21	83	430000
21	84	410000
21	85	380000
21	86	360000
21	87	350000
21	88	330000
21	89	230000
21	90	150000
21	91	100000
21	92	59000
21	93	16000
21	94	-33000
21	95	-15000
21	96	-2000
21	97	-2400
21	98	-1500
21	99	-1200
21	100	-360
21	101	-590
21	102	160
21	103	2000
21	104	3300
21	105	4200
21	106	5000
21	107	5400
21	108	4900
21	109	3900
21	110	3300
21	111	2400
21	112	1900
21	113	1100
21	114	690
21	115	-43
21	116	-1100
21	117	-1500
21	118	-360
21	119	-380
21	120	330
21	121	340
21	122	345
21	123	195
21	124	130
21	125	75
21	126	130
21	127	70
21	128	-120
21	129	-290
21	130	-435
21	131	-225
22	0	-35000
22	1	-34000
22	2	-35000
22	3	-31000
22	4	-31000
22	5	-31000
22	6	-31000
22	7	-27000
22	8	-27000
22	9	-19000
22	10	-19000
22	11	-16000
22	12	-16000
22	13	-18000
22	14	-11000
22	15	-4400
22	16	27000
22	17	73000
22	18	100000
22	19	150000
22	20	170000
22	21	150000
22	22	200000
22	23	57000
22	24	-15000
22	25	-8800
22	26	-8300
22	27	-11000
22	28	-13000
22	29	-17000
22	30	-18000
22	31	-21000
22	32	-21000
22	33	-21000
22	34	-16000
22	35	-5000
22	36	14000
22	37	41000
22	38	52000
22	39	66000
22	40	78000
22	41	77000
22	42	72000
22	43	69000
22	44	72000
22	45	71000
22	46	56000
22	47	23000
22	48	8700
22	49	7800
22	50	10000
22	51	7600
22	52	10000
22	53	12000
22	54	13000
22	55	13000
22	56	9300
22	57	17000
22	58	16000
22	59	18000
22	60	16000
22	61	18000
22	62	9100
22	63	13000
22	64	9000
22	65	8200
22	66	4900
22	67	3300
22	68	3200
22	69	5500
22	70	7600
22	71	4500
22	72	-53000
22	73	-57000
22	74	-54000
22	75	5300
22	76	64000
22	77	250000
22	78	400000
22	79	520000
22	80	510000
22	81	440000
22	82	410000
22	83	390000
22	84	370000
22	85	320000
22	86	270000
22	87	220000
22	88	170000
22	89	74000
22	90	24000
22	91	-7400
22	92	-32000
22	93	-54000
22	94	-60000
22	95	-23000
22	96	-400
22	97	-660
22	98	440
22	99	920
22	100	1400
22	101	1300
22	102	1700
22	103	2900
22	104	3300
22	105	3600
22	106	3800
22	107	3700
22	108	3300
22	109	2400
22	110	2000
22	111	1100
22	112	660
22	113	280
22	114	-75
22	115	-870
22	116	-1600
22	117	-2100
22	118	-1200
22	119	-660
22	120	475
22	121	365
22	122	315
22	123	225
22	124	95
22	125	39.5
22	126	45
22	127	-21.5
22	128	-195
22	129	-225
22	130	-360
22	131	-275
23	0	-21000
23	1	-21000
23	2	-21000
23	3	-19000
23	4	-20000
23	5	-20000
23	6	-20000
23	7	-17000
23	8	-16000
23	9	-11000
23	10	-10000
23	11	-7900
23	12	-7700
23	13	-7600
23	14	-5300
23	15	-3500
23	16	8700
23	17	28000
23	18	40000
23	19	59000
23	20	68000
23	21	64000
23	22	57000
23	23	46000
23	24	-15000
23	25	-10000
23	26	-9800
23	27	-9300
23	28	-8900
23	29	-10000
23	30	-11000
23	31	-12000
23	32	-13000
23	33	-13000
23	34	-12000
23	35	-8100
23	36	56
23	37	12000
23	38	18000
23	39	24000
23	40	29000
23	41	30000
23	42	27000
23	43	25000
23	44	26000
23	45	26000
23	46	22000
23	47	8300
23	48	2000
23	49	1700
23	50	3000
23	51	1400
23	52	2400
23	53	1900
23	54	2700
23	55	3100
23	56	1900
23	57	5700
23	58	5100
23	59	5700
23	60	4900
23	61	5500
23	62	2200
23	63	4100
23	64	2700
23	65	2600
23	66	1400
23	67	800
23	68	850
23	69	2000
23	70	2900
23	71	1900
23	72	-9300
23	73	-1900
23	74	5300
23	75	31000
23	76	44000
23	77	100000
23	78	140000
23	79	180000
23	80	160000
23	81	130000
23	82	120000
23	83	110000
23	84	110000
23	85	97000
23	86	84000
23	87	70000
23	88	58000
23	89	28000
23	90	14000
23	91	4700
23	92	-2000
23	93	-11000
23	94	-16000
23	95	-5900
23	96	-79
23	97	-150
23	98	310
23	99	510
23	100	640
23	101	730
23	102	900
23	103	1300
23	104	1500
23	105	1500
23	106	1600
23	107	1600
23	108	1500
23	109	1200
23	110	1100
23	111	850
23	112	780
23	113	560
23	114	480
23	115	200
23	116	-220
23	117	-170
23	118	-150
23	119	-160
23	120	260
23	121	205
23	122	180
23	123	140
23	124	95
23	125	75
23	126	70
23	127	35.5
23	128	-33.5
23	129	-39
23	130	-60
23	131	-100
24	0	830000
24	1	790000
24	2	760000
24	3	770000
24	4	720000
24	5	730000
24	6	710000
24	7	610000
24	8	510000
24	9	370000
24	10	260000
24	11	190000
24	12	120000
24	13	88000
24	14	42000
24	15	9600
24	16	-9600
24	17	-36000
24	18	-49000
24	19	-52000
24	20	-47000
24	21	-32000
24	22	-15000
24	23	-15000
24	24	950000
24	25	670000
24	26	640000
24	27	590000
24	28	560000
24	29	570000
24	30	560000
24	31	540000
24	32	530000
24	33	490000
24	34	450000
24	35	410000
24	36	350000
24	37	240000
24	38	140000
24	39	90000
24	40	56000
24	41	33000
24	42	25000
24	43	31000
24	44	44000
24	45	46000
24	46	31000
24	47	14000
24	48	120000
24	49	130000
24	50	100000
24	51	110000
24	52	87000
24	53	120000
24	54	130000
24	55	130000
24	56	150000
24	57	130000
24	58	130000
24	59	120000
24	60	120000
24	61	100000
24	62	90000
24	63	53000
24	64	29000
24	65	18000
24	66	15000
24	67	7300
24	68	6300
24	69	5100
24	70	4500
24	71	1300
24	72	720000
24	73	730000
24	74	700000
24	75	670000
24	76	680000
24	77	810000
24	78	1100000
24	79	1500000
24	80	1700000
24	81	1700000
24	82	1700000
24	83	1600000
24	84	1600000
24	85	1400000
24	86	1200000
24	87	830000
24	88	480000
24	89	59000
24	90	-110000
24	91	-180000
24	92	-270000
24	93	-320000
24	94	-260000
24	95	-100000
24	96	6100
24	97	6500
24	98	7900
24	99	9000
24	100	11000
24	101	11000
24	102	13000
24	103	13000
24	104	12000
24	105	11000
24	106	11000
24	107	8000
24	108	5900
24	109	2800
24	110	1800
24	111	-2500
24	112	-510
24	113	-3100
24	114	-1900
24	115	-5300
24	116	-3300
24	117	-4100
24	118	-2700
24	119	-1300
24	120	850
24	121	1150
24	122	1250
24	123	1000
24	124	800
24	125	1000
24	126	2000
24	127	2150
24	128	1850
24	129	1450
24	130	1900
24	131	375
25	0	660000
25	1	620000
25	2	600000
25	3	620000
25	4	570000
25	5	600000
25	6	600000
25	7	530000
25	8	460000
25	9	360000
25	10	260000
25	11	200000
25	12	140000
25	13	110000
25	14	59000
25	15	24000
25	16	-900
25	17	-27000
25	18	-46000
25	19	-48000
25	20	-39000
25	21	-26000
25	22	-8800
25	23	-10000
25	24	670000
25	25	750000
25	26	560000
25	27	510000
25	28	490000
25	29	470000
25	30	460000
25	31	440000
25	32	430000
25	33	400000
25	34	380000
25	35	350000
25	36	300000
25	37	220000
25	38	140000
25	39	100000
25	40	66000
25	41	45000
25	42	30000
25	43	32000
25	44	42000
25	45	43000
25	46	30000
25	47	13000
25	48	120000
25	49	110000
25	50	99000
25	51	110000
25	52	83000
25	53	110000
25	54	120000
25	55	110000
25	56	130000
25	57	120000
25	58	110000
25	59	95000
25	60	93000
25	61	83000
25	62	71000
25	63	50000
