==============================================================================================
OBSERVABLE:       dijet cross section 
COLLISION TYPE:   proton-proton 
COLLISION ENERGY: 7 TeV 
EXPERIMENT:       CMS / LHC 
RUN:              2011 
LUMINOSITY:       5.0 fb-1 
==============================================================================================
Statistical correlation of the measured cross section between the mass bins in the rapidity range |y|max<0.5
==============================================================================================
[197 296] 1 -0.14 0.01 0.02 0 0 0 0 0 0 0 0 0 
[296 419] -0.14 1 -0.17 0.02 0.03 0 0 0 0 0 0 0 0 
[419 565] 0.01 -0.17 1 -0.53 0.01 0.02 0 0 0 0 0 0 0 
[565 740] 0.02 0.02 -0.53 1 -0.15 -0.01 0.01 0 0 0 0 0 0 
[740 944] 0 0.03 0.01 -0.15 1 -0.13 0.01 0 0 0 0 0 0 
[944 1181] 0 0 0.02 -0.01 -0.13 1 -0.26 0 0 0 0 0 0 
[1181 1455] 0 0 0 0.01 0.01 -0.26 1 -0.13 0 0 0 0 0 
[1455 1770] 0 0 0 0 0 0 -0.13 1 -0.13 0 0 0 0 
[1770 2132] 0 0 0 0 0 0 0 -0.13 1 -0.13 0 0 0 
[2132 2546] 0 0 0 0 0 0 0 0 -0.13 1 -0.13 0 0 
[2546 3019] 0 0 0 0 0 0 0 0 0 -0.13 1 -0.12 0 
[3019 3416] 0 0 0 0 0 0 0 0 0 0 -0.12 1 -0.17 
[3416 4010] 0 0 0 0 0 0 0 0 0 0 0 -0.17 1 

==============================================================================================
Statistical correlation of the measured cross section between the mass bins in the rapidity range 0.5<|y|max<1.0
==============================================================================================
[270 386] 1 -0.16 0.01 0.02 0 0 0 0 0 0 0 0 
[386 526] -0.16 1 -0.17 0.01 0.03 0 0 0 0 0 0 0 
[526 693] 0.01 -0.17 1 -0.51 0.01 0.02 0 0 0 0 0 0 
[693 890] 0.02 0.01 -0.51 1 -0.16 -0.01 0.01 0 0 0 0 0 
[890 1118] 0 0.03 0.01 -0.16 1 -0.13 0.01 0.01 0 0 0 0 
[1118 1383] 0 0 0.02 -0.01 -0.13 1 -0.31 0 0.01 0 0 0 
[1383 1687] 0 0 0 0.01 0.01 -0.31 1 -0.13 0 0 0 0 
[1687 2037] 0 0 0 0 0.01 0 -0.13 1 -0.13 0 0 0 
[2037 2438] 0 0 0 0 0 0.01 0 -0.13 1 -0.13 0 0 
[2438 2895] 0 0 0 0 0 0 0 0 -0.13 1 -0.13 -0.01 
[2895 3416] 0 0 0 0 0 0 0 0 0 -0.13 1 -0.13 
[3416 4010] 0 0 0 0 0 0 0 0 0 -0.01 -0.13 1 

==============================================================================================
Statistical correlation of the measured cross section between the mass bins in the rapidity range 1.0<|y|max<1.5
==============================================================================================
[419 565] 1 -0.17 0.01 0.01 0 0 0 0 0 0 0 
[565 740] -0.17 1 -0.2 0 0.03 0 0 0 0 0 0 
[740 944] 0.01 -0.2 1 -0.15 0.02 0.03 0 0 0 0 0 
[944 1181] 0.01 0 -0.15 1 -0.59 -0.01 0.03 -0.01 0 0 0 
[1181 1455] 0 0.03 0.02 -0.59 1 -0.14 -0.02 0.02 0 0 0 
[1455 1770] 0 0 0.03 -0.01 -0.14 1 -0.14 0.01 0.01 0 0 
[1770 2132] 0 0 0 0.03 -0.02 -0.14 1 -0.35 0 0.01 0 
[2132 2546] 0 0 0 -0.01 0.02 0.01 -0.35 1 -0.14 -0.01 0 
[2546 3147] 0 0 0 0 0 0.01 0 -0.14 1 -0.1 -0.01 
[3147 3854] 0 0 0 0 0 0 0.01 -0.01 -0.1 1 -0.1 
[3854 4509] 0 0 0 0 0 0 0 0 -0.01 -0.1 1 

==============================================================================================
Statistical correlation of the measured cross section between the mass bins in the rapidity range 1.5<|y|max<2.0
==============================================================================================
[565 740] 1 -0.16 0.01 0.01 0 0 0 0 0 0 
[740 944] -0.16 1 -0.15 0 0.01 0 0 0 0 0 
[944 1181] 0.01 -0.15 1 -0.19 0 0.02 0 0 0 0 
[1181 1455] 0.01 0 -0.19 1 -0.14 0.01 0.03 0 0 0 
[1455 1770] 0 0.01 0 -0.14 1 -0.5 0 0.02 0 0 
[1770 2132] 0 0 0.02 0.01 -0.5 1 -0.16 -0.01 0 0 
[2132 2546] 0 0 0 0.03 0 -0.16 1 -0.13 0 0.01 
[2546 3019] 0 0 0 0 0.02 -0.01 -0.13 1 -0.14 0.02 
[3019 3558] 0 0 0 0 0 0 0 -0.14 1 -0.49 
[3558 5058] 0 0 0 0 0 0 0.01 0.02 -0.49 1 

==============================================================================================
Statistical correlation of the measured cross section between the mass bins in the rapidity range 2.0<|y|max<2.5
==============================================================================================
[1000 1246] 1 -0.17 0.01 0.01 0 0 0 0 
[1246 1530] -0.17 1 -0.18 0 0.01 0 0 0 
[1530 1856] 0.01 -0.18 1 -0.2 0 0.01 0 0 
[1856 2231] 0.01 0 -0.2 1 -0.13 -0.01 0.02 0 
[2231 2659] 0 0.01 0 -0.13 1 -0.15 -0.01 0.01 
[2659 3147] 0 0 0.01 -0.01 -0.15 1 -0.28 0 
[3147 3704] 0 0 0 0.02 -0.01 -0.28 1 -0.12 
[3704 5058] 0 0 0 0 0.01 0 -0.12 1 

