==============================================================================================
OBSERVABLE:       inclusive jet cross section 
COLLISION TYPE:   proton-proton 
COLLISION ENERGY: 7 TeV 
EXPERIMENT:       CMS / LHC 
RUN:              2011 
LUMINOSITY:       5.0 fb-1 
==============================================================================================
Statistical correlation of the measured cross section between the pt bins in the rapidity range |y|<0.5
==============================================================================================
[114 133] 1 0.14 -0.26 -0.07 0.08 0.01 -0.01 0 0 0 0 0 0 0 0 0 0 0 0 0 0 0 0 0 0 0 0 0 0 0 0 0 0 
[133 153] 0.14 1 0.21 -0.37 -0.08 0.05 0.02 0 0 0 0 0 0 0 0 0 0 0 0 0 0 0 0 0 0 0 0 0 0 0 0 0 0 
[153 174] -0.26 0.21 1 0.17 -0.41 -0.02 0.05 0.01 -0.01 0 0 0 0 0 0 0 0 0 0 0 0 0 0 0 0 0 0 0 0 0 0 0 0 
[174 196] -0.07 -0.37 0.17 1 0.18 -0.27 -0.04 0.04 0.02 -0.01 -0.01 0 0 0 0 0 0 0 0 0 0 0 0 0 0 0 0 0 0 0 0 0 0 
[196 220] 0.08 -0.08 -0.41 0.18 1 0.21 -0.27 -0.05 0.09 0.02 -0.01 -0.01 0 0 0 0 0 0 0 0 0 0 0 0 0 0 0 0 0 0 0 0 0 
[220 245] 0.01 0.05 -0.02 -0.27 0.21 1 0.24 -0.28 -0.13 0.11 0.04 -0.01 -0.01 0 0 0 0 0 0 0 0 0 0 0 0 0 0 0 0 0 0 0 0 
[245 272] -0.01 0.02 0.05 -0.04 -0.27 0.24 1 0.3 -0.39 -0.13 0.08 0.04 0 0 0 0 0 0 0 0 0 0 0 0 0 0 0 0 0 0 0 0 0 
[272 300] 0 0 0.01 0.04 -0.05 -0.28 0.3 1 0.23 -0.49 -0.05 0.1 0.02 0 -0.01 0 0 0 0 0 0 0 0 0 0 0 0 0 0 0 0 0 0 
[300 330] 0 0 -0.01 0.02 0.09 -0.13 -0.39 0.23 1 0.16 -0.31 -0.07 0.05 0.02 0 0 0 0 0 0 0 0 0 0 0 0 0 0 0 0 0 0 0 
[330 362] 0 0 0 -0.01 0.02 0.11 -0.13 -0.49 0.16 1 0.22 -0.33 -0.05 0.04 0.03 -0.01 0 0 0 0 0 0 0 0 0 0 0 0 0 0 0 0 0 
[362 395] 0 0 0 -0.01 -0.01 0.04 0.08 -0.05 -0.31 0.22 1 0.25 -0.28 -0.08 0.1 0.03 0 0 0 0 0 0 0 0 0 0 0 0 0 0 0 0 0 
[395 430] 0 0 0 0 -0.01 -0.01 0.04 0.1 -0.07 -0.33 0.25 1 0.27 -0.28 -0.18 0.1 0.03 0 0 0 0 0 0 0 0 0 0 0 0 0 0 0 0 
[430 468] 0 0 0 0 0 -0.01 0 0.02 0.05 -0.05 -0.28 0.27 1 0.33 -0.39 -0.15 0.05 0.02 0 0 0 0 0 0 0 0 0 0 0 0 0 0 0 
[468 507] 0 0 0 0 0 0 0 0 0.02 0.04 -0.08 -0.28 0.33 1 0.3 -0.47 -0.05 0.05 0.02 0 0 0 0 0 0 0 0 0 0 0 0 0 0 
[507 548] 0 0 0 0 0 0 0 -0.01 0 0.03 0.1 -0.18 -0.39 0.3 1 0.14 -0.27 -0.07 0.04 0.02 0 0 0 0 0 0 0 0 0 0 0 0 0 
[548 592] 0 0 0 0 0 0 0 0 0 -0.01 0.03 0.1 -0.15 -0.47 0.14 1 0.28 -0.27 -0.09 0.04 0.02 0 0 0 0 0 0 0 0 0 0 0 0 
[592 638] 0 0 0 0 0 0 0 0 0 0 0 0.03 0.05 -0.05 -0.27 0.28 1 0.31 -0.28 -0.09 0.05 0.02 0 0 0 0 0 0 0 0 0 0 0 
[638 686] 0 0 0 0 0 0 0 0 0 0 0 0 0.02 0.05 -0.07 -0.27 0.31 1 0.31 -0.28 -0.1 0.05 0.02 0 0 0 0 0 0 0 0 0 0 
[686 737] 0 0 0 0 0 0 0 0 0 0 0 0 0 0.02 0.04 -0.09 -0.28 0.31 1 0.31 -0.27 -0.1 0.04 0.02 0 0 0 0 0 0 0 0 0 
[737 790] 0 0 0 0 0 0 0 0 0 0 0 0 0 0 0.02 0.04 -0.09 -0.28 0.31 1 0.32 -0.28 -0.1 0.05 0.02 0 0 0 0 0 0 0 0 
[790 846] 0 0 0 0 0 0 0 0 0 0 0 0 0 0 0 0.02 0.05 -0.1 -0.27 0.32 1 0.33 -0.28 -0.11 0.04 0.02 0 0 0 0 0 0 0 
[846 905] 0 0 0 0 0 0 0 0 0 0 0 0 0 0 0 0 0.02 0.05 -0.1 -0.28 0.33 1 0.32 -0.28 -0.11 0.04 0.02 0 0 0 0 0 0 
[905 967] 0 0 0 0 0 0 0 0 0 0 0 0 0 0 0 0 0 0.02 0.04 -0.1 -0.28 0.32 1 0.34 -0.27 -0.11 0.04 0.02 0 0 0 0 0 
[967 1032] 0 0 0 0 0 0 0 0 0 0 0 0 0 0 0 0 0 0 0.02 0.05 -0.11 -0.28 0.34 1 0.34 -0.27 -0.11 0.04 0.02 0 0 0 0 
[1032 1101] 0 0 0 0 0 0 0 0 0 0 0 0 0 0 0 0 0 0 0 0.02 0.04 -0.11 -0.27 0.34 1 0.35 -0.29 -0.12 0.04 0.02 0 0 0 
[1101 1172] 0 0 0 0 0 0 0 0 0 0 0 0 0 0 0 0 0 0 0 0 0.02 0.04 -0.11 -0.27 0.35 1 0.32 -0.27 -0.12 0.04 0.03 0 0 
[1172 1248] 0 0 0 0 0 0 0 0 0 0 0 0 0 0 0 0 0 0 0 0 0 0.02 0.04 -0.11 -0.29 0.32 1 0.34 -0.25 -0.12 0.03 0.02 0 
[1248 1327] 0 0 0 0 0 0 0 0 0 0 0 0 0 0 0 0 0 0 0 0 0 0 0.02 0.04 -0.12 -0.27 0.34 1 0.4 -0.26 -0.15 0.04 0 
[1327 1410] 0 0 0 0 0 0 0 0 0 0 0 0 0 0 0 0 0 0 0 0 0 0 0 0.02 0.04 -0.12 -0.25 0.4 1 0.35 -0.26 -0.08 0.03 
[1410 1497] 0 0 0 0 0 0 0 0 0 0 0 0 0 0 0 0 0 0 0 0 0 0 0 0 0.02 0.04 -0.12 -0.26 0.35 1 0.42 -0.28 0.02 
[1497 1588] 0 0 0 0 0 0 0 0 0 0 0 0 0 0 0 0 0 0 0 0 0 0 0 0 0 0.03 0.03 -0.15 -0.26 0.42 1 0.19 -0.2 
[1588 1784] 0 0 0 0 0 0 0 0 0 0 0 0 0 0 0 0 0 0 0 0 0 0 0 0 0 0 0.02 0.04 -0.08 -0.28 0.19 1 -0.09 
[1784 2116] 0 0 0 0 0 0 0 0 0 0 0 0 0 0 0 0 0 0 0 0 0 0 0 0 0 0 0 0 0.03 0.02 -0.2 -0.09 1 

==============================================================================================
Statistical correlation of the measured cross section between the pt bins in the rapidity range 0.5<|y|<1.0
==============================================================================================
[114 133] 1 0.15 -0.27 -0.08 0.08 0.02 -0.01 0 0 0 0 0 0 0 0 0 0 0 0 0 0 0 0 0 0 0 0 0 0 0 
[133 153] 0.15 1 0.24 -0.37 -0.1 0.05 0.02 0 0 0 0 0 0 0 0 0 0 0 0 0 0 0 0 0 0 0 0 0 0 0 
[153 174] -0.27 0.24 1 0.19 -0.42 -0.03 0.06 0.01 -0.01 0 0 0 0 0 0 0 0 0 0 0 0 0 0 0 0 0 0 0 0 0 
[174 196] -0.08 -0.37 0.19 1 0.18 -0.27 -0.05 0.04 0.03 -0.01 -0.01 0 0 0 0 0 0 0 0 0 0 0 0 0 0 0 0 0 0 0 
[196 220] 0.08 -0.1 -0.42 0.18 1 0.23 -0.27 -0.07 0.09 0.03 -0.01 -0.01 0 0 0 0 0 0 0 0 0 0 0 0 0 0 0 0 0 0 
[220 245] 0.02 0.05 -0.03 -0.27 0.23 1 0.26 -0.28 -0.16 0.11 0.05 -0.01 -0.01 0 0 0 0 0 0 0 0 0 0 0 0 0 0 0 0 0 
[245 272] -0.01 0.02 0.06 -0.05 -0.27 0.26 1 0.33 -0.38 -0.15 0.08 0.05 0 0 0 0 0 0 0 0 0 0 0 0 0 0 0 0 0 0 
[272 300] 0 0 0.01 0.04 -0.07 -0.28 0.33 1 0.26 -0.49 -0.07 0.1 0.03 0 -0.01 0 0 0 0 0 0 0 0 0 0 0 0 0 0 0 
[300 330] 0 0 -0.01 0.03 0.09 -0.16 -0.38 0.26 1 0.17 -0.31 -0.08 0.04 0.02 0 0 0 0 0 0 0 0 0 0 0 0 0 0 0 0 
[330 362] 0 0 0 -0.01 0.03 0.11 -0.15 -0.49 0.17 1 0.24 -0.33 -0.07 0.04 0.04 0 0 0 0 0 0 0 0 0 0 0 0 0 0 0 
[362 395] 0 0 0 -0.01 -0.01 0.05 0.08 -0.07 -0.31 0.24 1 0.26 -0.28 -0.09 0.1 0.04 0 0 0 0 0 0 0 0 0 0 0 0 0 0 
[395 430] 0 0 0 0 -0.01 -0.01 0.05 0.1 -0.08 -0.33 0.26 1 0.29 -0.28 -0.2 0.1 0.03 0 0 0 0 0 0 0 0 0 0 0 0 0 
[430 468] 0 0 0 0 0 -0.01 0 0.03 0.04 -0.07 -0.28 0.29 1 0.36 -0.38 -0.17 0.04 0.03 0 0 0 0 0 0 0 0 0 0 0 0 
[468 507] 0 0 0 0 0 0 0 0 0.02 0.04 -0.09 -0.28 0.36 1 0.31 -0.48 -0.07 0.05 0.02 0 0 0 0 0 0 0 0 0 0 0 
[507 548] 0 0 0 0 0 0 0 -0.01 0 0.04 0.1 -0.2 -0.38 0.31 1 0.15 -0.27 -0.08 0.04 0.02 0 0 0 0 0 0 0 0 0 0 
[548 592] 0 0 0 0 0 0 0 0 0 0 0.04 0.1 -0.17 -0.48 0.15 1 0.3 -0.27 -0.1 0.04 0.02 0 0 0 0 0 0 0 0 0 
[592 638] 0 0 0 0 0 0 0 0 0 0 0 0.03 0.04 -0.07 -0.27 0.3 1 0.32 -0.27 -0.11 0.04 0.02 0 0 0 0 0 0 0 0 
[638 686] 0 0 0 0 0 0 0 0 0 0 0 0 0.03 0.05 -0.08 -0.27 0.32 1 0.33 -0.27 -0.11 0.04 0.02 0 0 0 0 0 0 0 
[686 737] 0 0 0 0 0 0 0 0 0 0 0 0 0 0.02 0.04 -0.1 -0.27 0.33 1 0.33 -0.27 -0.11 0.04 0.02 0 0 0 0 0 0 
[737 790] 0 0 0 0 0 0 0 0 0 0 0 0 0 0 0.02 0.04 -0.11 -0.27 0.33 1 0.34 -0.27 -0.11 0.04 0.02 0 0 0 0 0 
[790 846] 0 0 0 0 0 0 0 0 0 0 0 0 0 0 0 0.02 0.04 -0.11 -0.27 0.34 1 0.34 -0.27 -0.12 0.04 0.02 0 0 0 0 
[846 905] 0 0 0 0 0 0 0 0 0 0 0 0 0 0 0 0 0.02 0.04 -0.11 -0.27 0.34 1 0.35 -0.26 -0.12 0.04 0.03 0 0 0 
[905 967] 0 0 0 0 0 0 0 0 0 0 0 0 0 0 0 0 0 0.02 0.04 -0.11 -0.27 0.35 1 0.36 -0.27 -0.12 0.04 0.03 0 0 
[967 1032] 0 0 0 0 0 0 0 0 0 0 0 0 0 0 0 0 0 0 0.02 0.04 -0.12 -0.26 0.36 1 0.35 -0.28 -0.12 0.04 0.03 0 
[1032 1101] 0 0 0 0 0 0 0 0 0 0 0 0 0 0 0 0 0 0 0 0.02 0.04 -0.12 -0.27 0.35 1 0.33 -0.28 -0.12 0.03 0.02 
[1101 1172] 0 0 0 0 0 0 0 0 0 0 0 0 0 0 0 0 0 0 0 0 0.02 0.04 -0.12 -0.28 0.33 1 0.37 -0.24 -0.15 0.04 
[1172 1248] 0 0 0 0 0 0 0 0 0 0 0 0 0 0 0 0 0 0 0 0 0 0.03 0.04 -0.12 -0.28 0.37 1 0.36 -0.22 -0.06 
[1248 1327] 0 0 0 0 0 0 0 0 0 0 0 0 0 0 0 0 0 0 0 0 0 0 0.03 0.04 -0.12 -0.24 0.36 1 0.54 -0.29 
[1327 1410] 0 0 0 0 0 0 0 0 0 0 0 0 0 0 0 0 0 0 0 0 0 0 0 0.03 0.03 -0.15 -0.22 0.54 1 0.01 
[1410 1784] 0 0 0 0 0 0 0 0 0 0 0 0 0 0 0 0 0 0 0 0 0 0 0 0 0.02 0.04 -0.06 -0.29 0.01 1 

==============================================================================================
Statistical correlation of the measured cross section between the pt bins in the rapidity range 1.0<|y|<1.5
==============================================================================================
[114 133] 1 0.18 -0.28 -0.15 0.08 0.04 0 0 0 0 0 0 0 0 0 0 0 0 0 0 0 0 0 0 0 0 0 
[133 153] 0.18 1 0.35 -0.35 -0.18 0.04 0.03 0.01 0 0 0 0 0 0 0 0 0 0 0 0 0 0 0 0 0 0 0 
[153 174] -0.28 0.35 1 0.28 -0.44 -0.09 0.06 0.03 0 -0.01 0 0 0 0 0 0 0 0 0 0 0 0 0 0 0 0 0 
[174 196] -0.15 -0.35 0.28 1 0.23 -0.27 -0.1 0.04 0.05 0 -0.01 0 0 0 0 0 0 0 0 0 0 0 0 0 0 0 0 
[196 220] 0.08 -0.18 -0.44 0.23 1 0.32 -0.27 -0.12 0.07 0.06 0 -0.01 0 0 0 0 0 0 0 0 0 0 0 0 0 0 0 
[220 245] 0.04 0.04 -0.09 -0.27 0.32 1 0.34 -0.27 -0.25 0.09 0.08 0 -0.01 0 0 0 0 0 0 0 0 0 0 0 0 0 0 
[245 272] 0 0.03 0.06 -0.1 -0.27 0.34 1 0.43 -0.33 -0.25 0.04 0.07 0.02 0 -0.01 0 0 0 0 0 0 0 0 0 0 0 0 
[272 300] 0 0.01 0.03 0.04 -0.12 -0.27 0.43 1 0.34 -0.51 -0.17 0.09 0.05 0 -0.01 0 0 0 0 0 0 0 0 0 0 0 0 
[300 330] 0 0 0 0.05 0.07 -0.25 -0.33 0.34 1 0.21 -0.31 -0.14 0.04 0.03 0.01 -0.01 0 0 0 0 0 0 0 0 0 0 0 
[330 362] 0 0 -0.01 0 0.06 0.09 -0.25 -0.51 0.21 1 0.34 -0.33 -0.13 0.03 0.06 0.01 0 0 0 0 0 0 0 0 0 0 0 
[362 395] 0 0 0 -0.01 0 0.08 0.04 -0.17 -0.31 0.34 1 0.33 -0.27 -0.15 0.06 0.07 0.01 -0.01 0 0 0 0 0 0 0 0 0 
[395 430] 0 0 0 0 -0.01 0 0.07 0.09 -0.14 -0.33 0.33 1 0.37 -0.26 -0.3 0.07 0.06 0.01 0 0 0 0 0 0 0 0 0 
[430 468] 0 0 0 0 0 -0.01 0.02 0.05 0.04 -0.13 -0.27 0.37 1 0.47 -0.3 -0.27 0.01 0.04 0.01 0 0 0 0 0 0 0 0 
[468 507] 0 0 0 0 0 0 0 0 0.03 0.03 -0.15 -0.26 0.47 1 0.39 -0.48 -0.14 0.05 0.03 0 0 0 0 0 0 0 0 
[507 548] 0 0 0 0 0 0 -0.01 -0.01 0.01 0.06 0.06 -0.3 -0.3 0.39 1 0.19 -0.26 -0.13 0.03 0.03 0 0 0 0 0 0 0 
[548 592] 0 0 0 0 0 0 0 0 -0.01 0.01 0.07 0.07 -0.27 -0.48 0.19 1 0.39 -0.24 -0.16 0.02 0.03 0.01 0 0 0 0 0 
[592 638] 0 0 0 0 0 0 0 0 0 0 0.01 0.06 0.01 -0.14 -0.26 0.39 1 0.41 -0.24 -0.17 0.02 0.04 0.01 0 0 0 0 
[638 686] 0 0 0 0 0 0 0 0 0 0 -0.01 0.01 0.04 0.05 -0.13 -0.24 0.41 1 0.42 -0.24 -0.17 0.02 0.04 0.01 0 0 0 
[686 737] 0 0 0 0 0 0 0 0 0 0 0 0 0.01 0.03 0.03 -0.16 -0.24 0.42 1 0.42 -0.23 -0.17 0.01 0.04 0.01 0 0 
[737 790] 0 0 0 0 0 0 0 0 0 0 0 0 0 0 0.03 0.02 -0.17 -0.24 0.42 1 0.44 -0.22 -0.18 0.01 0.04 0.01 0 
[790 846] 0 0 0 0 0 0 0 0 0 0 0 0 0 0 0 0.03 0.02 -0.17 -0.23 0.44 1 0.43 -0.23 -0.18 0.01 0.04 0 
[846 905] 0 0 0 0 0 0 0 0 0 0 0 0 0 0 0 0.01 0.04 0.02 -0.17 -0.22 0.43 1 0.44 -0.22 -0.18 0.01 0.03 
[905 967] 0 0 0 0 0 0 0 0 0 0 0 0 0 0 0 0 0.01 0.04 0.01 -0.18 -0.23 0.44 1 0.46 -0.2 -0.2 0.03 
[967 1032] 0 0 0 0 0 0 0 0 0 0 0 0 0 0 0 0 0 0.01 0.04 0.01 -0.18 -0.22 0.46 1 0.43 -0.22 -0.12 
[1032 1101] 0 0 0 0 0 0 0 0 0 0 0 0 0 0 0 0 0 0 0.01 0.04 0.01 -0.18 -0.2 0.43 1 0.55 -0.3 
[1101 1172] 0 0 0 0 0 0 0 0 0 0 0 0 0 0 0 0 0 0 0 0.01 0.04 0.01 -0.2 -0.22 0.55 1 0.18 
[1172 1684] 0 0 0 0 0 0 0 0 0 0 0 0 0 0 0 0 0 0 0 0 0 0.03 0.03 -0.12 -0.3 0.18 1 

==============================================================================================
Statistical correlation of the measured cross section between the pt bins in the rapidity range 1.5<|y|<2.0
==============================================================================================
[114 133] 1 0.13 -0.25 -0.04 0.07 0.01 -0.01 0 0 0 0 0 0 0 0 0 0 0 0 0 0 0 0 0 
[133 153] 0.13 1 0.17 -0.35 -0.04 0.05 0.01 0 0 0 0 0 0 0 0 0 0 0 0 0 0 0 0 0 
[153 174] -0.25 0.17 1 0.1 -0.37 0.02 0.04 0 -0.01 0 0 0 0 0 0 0 0 0 0 0 0 0 0 0 
[174 196] -0.04 -0.35 0.1 1 0.13 -0.25 -0.01 0.03 0 -0.01 0 0 0 0 0 0 0 0 0 0 0 0 0 0 
[196 220] 0.07 -0.04 -0.37 0.13 1 0.14 -0.25 -0.01 0.07 0 -0.01 0 0 0 0 0 0 0 0 0 0 0 0 0 
[220 245] 0.01 0.05 0.02 -0.25 0.14 1 0.15 -0.25 -0.03 0.08 0 -0.01 0 0 0 0 0 0 0 0 0 0 0 0 
[245 272] -0.01 0.01 0.04 -0.01 -0.25 0.15 1 0.18 -0.37 -0.03 0.07 0.01 0 0 0 0 0 0 0 0 0 0 0 0 
[272 300] 0 0 0 0.03 -0.01 -0.25 0.18 1 0.07 -0.4 0.05 0.06 0 0 0 0 0 0 0 0 0 0 0 0 
[300 330] 0 0 -0.01 0 0.07 -0.03 -0.37 0.07 1 0.11 -0.28 0 0.04 0 -0.01 0 0 0 0 0 0 0 0 0 
[330 362] 0 0 0 -0.01 0 0.08 -0.03 -0.4 0.11 1 0.07 -0.28 0.01 0.03 0 -0.01 0 0 0 0 0 0 0 0 
[362 395] 0 0 0 0 -0.01 0 0.07 0.05 -0.28 0.07 1 0.14 -0.25 0 0.08 0 0 0 0 0 0 0 0 0 
[395 430] 0 0 0 0 0 -0.01 0.01 0.06 0 -0.28 0.14 1 0.13 -0.25 -0.01 0.07 0 0 0 0 0 0 0 0 
[430 468] 0 0 0 0 0 0 0 0 0.04 0.01 -0.25 0.13 1 0.15 -0.39 -0.02 0.04 0 0 0 0 0 0 0 
[468 507] 0 0 0 0 0 0 0 0 0 0.03 0 -0.25 0.15 1 0.02 -0.37 0.03 0.03 0 0 0 0 0 0 
[507 548] 0 0 0 0 0 0 0 0 -0.01 0 0.08 -0.01 -0.39 0.02 1 0.13 -0.24 0 0.03 0 0 0 0 0 
[548 592] 0 0 0 0 0 0 0 0 0 -0.01 0 0.07 -0.02 -0.37 0.13 1 0.12 -0.24 0 0.03 0 0 0 0 
[592 638] 0 0 0 0 0 0 0 0 0 0 0 0 0.04 0.03 -0.24 0.12 1 0.14 -0.24 0 0.03 0 0 0 
[638 686] 0 0 0 0 0 0 0 0 0 0 0 0 0 0.03 0 -0.24 0.14 1 0.14 -0.24 0 0.03 0 0 
[686 737] 0 0 0 0 0 0 0 0 0 0 0 0 0 0 0.03 0 -0.24 0.14 1 0.14 -0.24 0 0.03 0 
[737 790] 0 0 0 0 0 0 0 0 0 0 0 0 0 0 0 0.03 0 -0.24 0.14 1 0.16 -0.24 -0.01 0.03 
[790 846] 0 0 0 0 0 0 0 0 0 0 0 0 0 0 0 0 0.03 0 -0.24 0.16 1 0.18 -0.25 0.02 
[846 905] 0 0 0 0 0 0 0 0 0 0 0 0 0 0 0 0 0 0.03 0 -0.24 0.18 1 0.22 -0.23 
[905 967] 0 0 0 0 0 0 0 0 0 0 0 0 0 0 0 0 0 0 0.03 -0.01 -0.25 0.22 1 -0.05 
[967 1248] 0 0 0 0 0 0 0 0 0 0 0 0 0 0 0 0 0 0 0 0.03 0.02 -0.23 -0.05 1 

==============================================================================================
Statistical correlation of the measured cross section between the pt bins in the rapidity range 2.0<|y|<2.5
==============================================================================================
[114 133] 1 0.11 -0.24 0 0.06 0 0 0 0 0 0 0 0 0 0 0 0 0 0 
[133 153] 0.11 1 0.12 -0.32 -0.01 0.04 0 0 0 0 0 0 0 0 0 0 0 0 0 
[153 174] -0.24 0.12 1 0.03 -0.34 0.03 0.03 0 0 0 0 0 0 0 0 0 0 0 0 
[174 196] 0 -0.32 0.03 1 0.1 -0.24 0.01 0.03 0 0 0 0 0 0 0 0 0 0 0 
[196 220] 0.06 -0.01 -0.34 0.1 1 0.09 -0.23 0.01 0.06 0 -0.01 0 0 0 0 0 0 0 0 
[220 245] 0 0.04 0.03 -0.24 0.09 1 0.1 -0.23 0.01 0.07 -0.01 -0.01 0 0 0 0 0 0 0 
[245 272] 0 0 0.03 0.01 -0.23 0.1 1 0.13 -0.33 0 0.05 0 0 0 0 0 0 0 0 
[272 300] 0 0 0 0.03 0.01 -0.23 0.13 1 -0.02 -0.35 0.06 0.04 0 0 0 0 0 0 0 
[300 330] 0 0 0 0 0.06 0.01 -0.33 -0.02 1 0.09 -0.24 0.01 0.03 0 0 0 0 0 0 
[330 362] 0 0 0 0 0 0.07 0 -0.35 0.09 1 0.02 -0.24 0.02 0.02 0 0 0 0 0 
[362 395] 0 0 0 0 -0.01 -0.01 0.05 0.06 -0.24 0.02 1 0.09 -0.22 0.01 0.06 0 0 0 0 
[395 430] 0 0 0 0 0 -0.01 0 0.04 0.01 -0.24 0.09 1 0.09 -0.22 0.02 0.05 0 0 0 
[430 468] 0 0 0 0 0 0 0 0 0.03 0.02 -0.22 0.09 1 0.12 -0.33 0 0.02 0 0 
[468 507] 0 0 0 0 0 0 0 0 0 0.02 0.01 -0.22 0.12 1 -0.09 -0.29 0.03 0.02 0 
[507 548] 0 0 0 0 0 0 0 0 0 0 0.06 0.02 -0.33 -0.09 1 0.13 -0.21 0 0.02 
[548 592] 0 0 0 0 0 0 0 0 0 0 0 0.05 0 -0.29 0.13 1 0.14 -0.21 0.01 
[592 638] 0 0 0 0 0 0 0 0 0 0 0 0 0.02 0.03 -0.21 0.14 1 0.24 -0.24 
[638 686] 0 0 0 0 0 0 0 0 0 0 0 0 0 0.02 0 -0.21 0.24 1 0 
[686 905] 0 0 0 0 0 0 0 0 0 0 0 0 0 0 0.02 0.01 -0.24 0 1 

